-0.047881 0.000110 0.026683 4.000000
-0.024603 0.001966 0.031100 4.000000
0.001482 -0.060415 0.015632 3.000000
-0.112071 0.128698 0.038896 4.000000
0.019208 -0.163391 -0.027957 3.000000
-0.062732 0.185505 0.044285 3.000000
-0.036193 0.087561 0.040521 4.000000
-0.012805 0.153394 0.046781 4.000000
-0.033504 0.015663 0.030451 4.000000
-0.027163 0.022010 0.038168 4.000000
0.038667 0.009770 0.037893 4.000000
-0.013167 -0.017249 0.027741 4.000000
-0.093595 0.129457 0.036962 4.000000
-0.046420 0.054287 0.033132 4.000000
0.167721 0.242618 0.073539 3.000000
0.014151 -0.144272 -0.035900 3.000000
0.023192 -0.094452 -0.031147 3.000000
-0.076301 0.138856 0.041200 4.000000
-0.000843 0.010585 0.035486 4.000000
0.007910 -0.111462 -0.024855 3.000000
-0.007229 -0.106642 -0.027769 3.000000
0.018410 -0.139427 -0.039496 3.000000
-0.081252 0.360627 0.000015 1.000000
-0.043288 0.086912 0.036677 4.000000
0.032492 -0.131819 -0.042789 3.000000
-0.084873 0.379555 0.027144 1.000000
-0.024702 0.002339 0.029954 4.000000
-0.009493 -0.024908 0.027049 4.000000
-0.078973 0.389566 -0.002248 1.000000
-0.082934 0.081376 0.035262 4.000000
-0.068925 0.035943 0.032485 4.000000
-0.040589 0.136872 0.040750 4.000000
0.195939 0.273045 0.077936 3.000000
-0.034263 0.009412 0.031069 4.000000
0.018313 -0.115593 -0.025072 3.000000
-0.218032 0.441495 0.084007 2.000000
0.005317 -0.096996 -0.027788 3.000000
0.035843 -0.094875 -0.027792 3.000000
0.040939 -0.107557 -0.028936 3.000000
-0.023410 0.023251 0.037168 4.000000
0.001836 -0.113140 -0.024591 3.000000
-0.015746 0.005533 0.034980 4.000000
0.055728 0.063378 0.044113 4.000000
0.034642 0.108160 0.046089 4.000000
0.034259 -0.106808 -0.028164 3.000000
-0.128780 0.191801 0.048115 3.000000
0.031343 -0.104780 -0.026548 3.000000
0.012621 -0.132549 -0.042188 3.000000
0.029799 -0.063534 -0.038932 3.000000
0.003200 -0.109877 -0.025520 3.000000
0.016788 -0.102275 -0.027352 3.000000
0.024148 -0.110441 -0.026283 3.000000
0.019560 0.011599 0.035851 4.000000
-0.068804 0.102266 0.036739 4.000000
-0.077061 0.401203 -0.036456 1.000000
0.044391 -0.109019 -0.025487 3.000000
-0.205361 0.445615 0.102065 3.000000
-0.083572 0.393349 -0.032528 1.000000
-0.005541 -0.073062 -0.039772 3.000000
-0.025760 0.062109 0.038647 4.000000
0.017918 -0.094296 -0.029713 3.000000
-0.040198 -0.021560 0.028360 4.000000
0.009427 -0.092255 -0.027797 3.000000
-0.000804 0.108861 0.042290 4.000000
0.004734 -0.045331 0.025755 3.000000
-0.012036 -0.076027 -0.035708 3.000000
-0.093172 0.100906 0.034498 4.000000
-0.081086 0.081653 0.037125 4.000000
0.025132 -0.071417 -0.040637 3.000000
0.026328 -0.125459 -0.027199 3.000000
0.001405 -0.121767 -0.025691 3.000000
-0.112162 0.349119 -0.063728 1.000000
0.010282 0.030341 0.033716 4.000000
0.019224 -0.164686 -0.027659 3.000000
0.011668 -0.098693 -0.025985 3.000000
-0.000284 -0.106855 -0.024216 3.000000
0.019404 -0.163392 -0.027902 3.000000
-0.032424 -0.018204 0.027382 4.000000
-0.003914 -0.113915 -0.029140 3.000000
0.003544 -0.018945 0.031687 4.000000
-0.032238 0.048639 0.036291 4.000000
-0.024043 -0.060473 -0.045800 3.000000
-0.185274 0.402939 0.092994 3.000000
0.018812 -0.160862 -0.028708 3.000000
0.019268 -0.159541 -0.028995 3.000000
0.007836 -0.033701 0.029891 3.000000
0.001685 -0.061605 0.018472 3.000000
-0.011517 -0.071461 -0.033565 3.000000
-0.040186 -0.009791 0.029341 4.000000
-0.018205 -0.062975 -0.038994 3.000000
-0.009764 0.005679 0.033718 4.000000
0.036629 -0.033031 0.030185 3.000000
0.019993 -0.076502 -0.039929 3.000000
-0.028093 -0.014332 0.028837 4.000000
-0.101647 0.105405 0.037496 4.000000
0.035216 -0.116802 -0.026444 3.000000
0.058340 -0.000372 0.032807 4.000000
-0.038582 0.019000 0.028773 4.000000
-0.027091 0.068817 0.038884 4.000000
0.018405 -0.139268 -0.039150 3.000000
-0.009632 -0.079145 0.007855 3.000000
0.029886 -0.012798 0.031789 4.000000
-0.077028 0.357819 -0.010839 1.000000
0.021103 -0.043772 0.027445 3.000000
0.011385 -0.112138 -0.025967 3.000000
0.031593 -0.053701 -0.044648 3.000000
-0.051601 0.050098 0.031969 4.000000
-0.013559 0.020345 0.034757 4.000000
0.131373 0.142920 0.048769 3.000000
-0.039517 -0.030990 0.025723 4.000000
0.027886 0.037525 0.037496 4.000000
-0.107618 0.331347 -0.059084 1.000000
-0.034358 -0.005843 0.028347 4.000000
0.005077 -0.130613 -0.022813 3.000000
-0.128385 0.327710 -0.011808 1.000000
-0.083575 0.393362 -0.024919 1.000000
-0.056507 0.087938 0.035108 4.000000
0.019986 -0.077340 -0.035588 3.000000
0.017715 -0.144083 -0.036804 3.000000
-0.198155 0.402067 0.080743 3.000000
-0.028477 0.084702 0.036113 4.000000
-0.011647 -0.085811 -0.035362 3.000000
-0.061491 0.191118 0.045438 3.000000
-0.047461 0.037541 0.029971 4.000000
0.006671 0.046209 0.040294 4.000000
-0.014205 -0.085692 0.008341 3.000000
0.065990 0.001309 0.034714 4.000000
-0.092295 0.109180 0.038407 4.000000
-0.067767 0.105296 0.037470 4.000000
0.019535 -0.128941 -0.024551 3.000000
0.039203 -0.039860 0.028203 3.000000
0.045592 0.034766 0.041140 4.000000
-0.136334 0.329619 -0.065748 1.000000
0.031969 0.091905 0.045463 4.000000
0.009424 -0.115280 -0.024041 3.000000
-0.012771 0.071850 0.041496 4.000000
0.014788 -0.128146 -0.022208 3.000000
0.046339 -0.035207 0.031348 3.000000
0.008052 -0.115439 -0.027417 3.000000
0.001150 -0.058462 -0.043919 3.000000
-0.022120 0.023504 0.032978 4.000000
-0.234498 0.434864 0.091259 2.000000
-0.004129 -0.021541 0.028367 4.000000
0.019641 -0.116897 -0.025468 3.000000
0.013539 -0.111851 -0.026318 3.000000
-0.046631 -0.014798 0.027499 4.000000
0.011913 -0.140298 -0.039087 3.000000
0.023202 -0.148931 -0.033525 3.000000
-0.002927 -0.008926 0.029659 4.000000
0.001931 -0.070811 -0.034249 3.000000
0.035149 0.117127 0.048512 4.000000
-0.143472 0.328702 -0.018508 1.000000
-0.001989 0.010045 0.032613 4.000000
0.005503 -0.118918 -0.025247 3.000000
-0.021649 -0.071658 0.011710 3.000000
-0.122554 0.332822 -0.059177 1.000000
0.017278 -0.151008 -0.032435 3.000000
0.047330 -0.030474 0.030220 3.000000
0.041053 0.009562 0.033779 4.000000
0.014752 -0.120279 -0.044886 3.000000
-0.038887 0.000129 0.027938 4.000000
0.042121 0.108166 0.044098 4.000000
-0.004432 0.055188 0.039892 4.000000
0.006638 0.109823 0.050570 4.000000
0.027527 -0.114984 -0.024360 3.000000
0.025119 -0.060364 -0.037847 3.000000
0.176230 0.284910 0.077561 3.000000
0.024423 -0.139858 -0.039294 3.000000
-0.030435 -0.029740 0.024100 4.000000
0.047546 -0.071503 -0.041273 3.000000
0.053620 -0.076020 -0.038153 3.000000
-0.134671 0.420494 -0.060727 1.000000
0.045046 -0.079727 -0.034205 3.000000
-0.041432 -0.018589 0.027237 4.000000
0.009276 -0.120833 -0.023243 3.000000
-0.086778 0.111683 0.043012 4.000000
0.055305 -0.081889 -0.030640 3.000000
0.023706 -0.106514 -0.023798 3.000000
-0.022655 0.062656 0.038807 4.000000
0.017556 -0.153505 -0.031563 3.000000
0.014438 -0.060307 -0.037853 3.000000
-0.043469 0.103197 0.038899 4.000000
0.150419 0.277781 0.082276 3.000000
-0.011974 0.026548 0.033958 4.000000
0.151378 0.281017 0.073449 3.000000
0.065345 0.023355 0.038642 4.000000
0.022442 -0.107734 -0.024269 3.000000
0.023096 -0.057153 -0.044870 3.000000
-0.010048 -0.064564 -0.039509 3.000000
-0.133243 0.343914 -0.052923 1.000000
0.014998 0.063135 0.040637 4.000000
0.254709 0.396454 0.079670 3.000000
-0.025656 0.039599 0.038164 4.000000
-0.048405 0.050215 0.035170 4.000000
0.012120 -0.098664 -0.030036 3.000000
0.039513 0.098626 0.049324 4.000000
0.024384 -0.060796 0.019687 3.000000
-0.045353 0.010797 0.028883 4.000000
-0.016259 -0.059498 -0.039382 3.000000
-0.042207 0.106114 0.039624 4.000000
-0.085319 0.125493 0.042342 4.000000
0.022726 -0.145347 -0.035774 3.000000
0.005072 -0.024149 0.030688 4.000000
0.020738 -0.096972 -0.030097 3.000000
0.004941 0.146845 0.045249 4.000000
0.038600 -0.080757 -0.034126 3.000000
-0.046497 0.092325 0.039931 4.000000
0.014994 -0.147664 -0.033864 3.000000
0.023511 -0.109040 -0.027006 3.000000
0.022716 -0.145402 -0.035906 3.000000
0.019284 -0.132866 -0.014193 3.000000
0.002423 0.045128 0.038370 4.000000
0.000608 -0.110716 -0.025184 3.000000
-0.145091 0.460113 0.109606 3.000000
0.011936 -0.113444 -0.024959 3.000000
0.002879 -0.055117 -0.041385 3.000000
0.032427 -0.074318 -0.035863 3.000000
0.038735 -0.060989 -0.040649 3.000000
0.026214 -0.054340 -0.043013 3.000000
0.011642 -0.116129 -0.026096 3.000000
-0.017277 -0.071428 0.011807 3.000000
-0.035244 0.017006 0.033631 4.000000
0.016593 -0.143022 -0.037453 3.000000
-0.017251 -0.071494 -0.041274 3.000000
-0.048434 -0.010695 0.026636 4.000000
0.057255 -0.068598 -0.035722 3.000000
-0.000876 -0.111194 -0.027761 3.000000
0.033562 -0.102578 -0.025235 3.000000
-0.059694 0.049769 0.033456 4.000000
0.036473 -0.061435 -0.035615 3.000000
0.015196 -0.114386 -0.025696 3.000000
-0.106449 0.326780 -0.008483 1.000000
0.005077 -0.013889 0.030180 4.000000
0.149518 0.274739 0.078345 3.000000
0.017308 -0.115605 -0.025408 3.000000
0.015080 -0.117028 -0.027100 3.000000
-0.007230 -0.078581 -0.034884 3.000000
-0.104056 0.331493 -0.008299 1.000000
-0.007869 0.016933 0.034988 4.000000
-0.097582 0.091620 0.034171 4.000000
-0.053351 0.188576 0.052479 3.000000
0.015860 -0.060186 -0.037146 3.000000
0.133579 0.275513 0.081713 3.000000
0.178373 0.237407 0.078086 3.000000
0.045941 -0.061838 -0.044841 3.000000
0.029347 -0.142293 -0.037782 3.000000
0.159978 0.164412 -0.078036 3.000000
0.043338 -0.097115 -0.029170 3.000000
0.020357 -0.091784 -0.032776 3.000000
0.038711 -0.118247 -0.023940 3.000000
0.016538 -0.148905 -0.034155 3.000000
0.007392 0.093387 0.040211 4.000000
0.012494 -0.137603 -0.040126 3.000000
0.046891 -0.073655 -0.037804 3.000000
-0.022007 0.011490 0.030435 4.000000
0.013484 -0.132289 -0.023051 3.000000
0.018567 -0.159571 -0.028950 3.000000
0.024024 0.049948 0.038281 4.000000
-0.025282 -0.063389 -0.042459 3.000000
0.049480 -0.074096 -0.033398 3.000000
-0.135056 0.391041 -0.028719 1.000000
-0.025812 -0.062183 -0.042635 3.000000
0.019224 -0.164686 -0.027659 3.000000
0.005041 -0.013501 0.029149 4.000000
-0.003902 -0.055891 -0.047363 3.000000
0.002772 -0.116992 -0.025472 3.000000
-0.051601 0.120368 0.041106 4.000000
-0.187168 0.447161 0.111139 3.000000
0.026351 -0.113463 -0.024259 3.000000
0.118546 0.178862 -0.080248 3.000000
-0.040896 0.127953 0.042936 4.000000
0.018823 -0.130514 -0.022561 3.000000
0.007104 -0.079461 -0.034810 3.000000
0.020134 -0.060372 0.019023 3.000000
-0.140253 0.409761 -0.052269 1.000000
-0.002249 0.048561 0.039450 4.000000
0.173954 0.357154 0.083262 3.000000
-0.027359 0.022799 0.031343 4.000000
-0.225963 0.437438 0.096043 2.000000
0.022135 -0.157614 -0.029914 3.000000
-0.015470 0.031134 0.035436 4.000000
0.008932 -0.036167 0.025699 3.000000
-0.045579 0.103944 0.044949 4.000000
0.029503 -0.100465 -0.030849 3.000000
-0.048033 0.014307 0.028670 4.000000
-0.044936 0.093545 0.042138 4.000000
0.036612 -0.107476 -0.028548 3.000000
0.047228 -0.035364 0.031277 3.000000
-0.059856 0.050211 0.036762 4.000000
0.040153 -0.033925 0.027678 3.000000
-0.018998 -0.030564 0.028025 4.000000
-0.014135 0.016401 0.037581 4.000000
0.036014 -0.121405 -0.024786 3.000000
-0.062551 0.095164 0.038788 4.000000
-0.111203 0.360255 0.065345 3.000000
-0.050910 0.094792 0.036811 4.000000
-0.071749 0.067747 0.036869 4.000000
0.014746 -0.142113 -0.038050 3.000000
0.023417 -0.138486 -0.039936 3.000000
0.024825 -0.091990 -0.032762 3.000000
0.010102 -0.067449 -0.039167 3.000000
0.013606 -0.144451 -0.035988 3.000000
0.018757 -0.155834 -0.030481 3.000000
0.254203 0.395249 0.079439 3.000000
0.040226 -0.033472 0.029992 3.000000
0.023511 -0.109040 -0.027006 3.000000
-0.092259 0.109091 0.032488 4.000000
-0.089428 0.346483 -0.060042 1.000000
-0.103440 0.114501 0.039690 4.000000
0.028146 -0.037583 0.029222 3.000000
0.017642 -0.115567 -0.026077 3.000000
0.107610 0.149035 0.054846 3.000000
-0.143528 0.406421 -0.013171 1.000000
0.060396 -0.032472 0.030431 3.000000
-0.007068 -0.103719 -0.030270 3.000000
-0.092614 0.121058 0.037162 4.000000
-0.037848 0.095091 0.042556 4.000000
-0.034284 0.013805 0.035274 4.000000
0.019862 -0.157081 -0.029970 3.000000
0.034838 -0.120934 -0.025354 3.000000
0.019842 -0.158356 -0.029582 3.000000
0.015994 -0.064362 -0.038840 3.000000
0.083602 0.052433 0.040669 4.000000
0.026327 -0.125461 -0.028268 3.000000
0.026549 -0.136489 -0.040639 3.000000
0.037794 -0.105052 -0.027772 3.000000
0.018451 -0.155798 -0.030294 3.000000
0.019563 0.013204 0.039184 4.000000
0.037296 -0.020422 0.031086 4.000000
-0.105657 0.337934 -0.008048 1.000000
-0.128385 0.327710 -0.011808 1.000000
0.025975 -0.058121 0.020031 3.000000
-0.021652 -0.017449 0.026523 4.000000
0.016569 0.061712 0.045289 4.000000
-0.009621 -0.075165 -0.035171 3.000000
-0.112162 0.334904 -0.008166 1.000000
-0.036577 0.150267 0.046050 4.000000
0.044405 -0.108987 -0.027005 3.000000
0.006639 -0.131194 -0.041983 3.000000
0.023811 -0.147966 -0.034408 3.000000
0.026240 -0.073634 -0.035925 3.000000
-0.004158 -0.000273 0.032843 4.000000
-0.018975 0.059817 0.036319 4.000000
-0.041160 0.139751 0.045782 4.000000
0.014888 -0.121627 -0.044701 3.000000
0.011788 -0.128492 -0.023265 3.000000
0.015046 0.060589 0.039873 4.000000
-0.014384 -0.085271 -0.032690 3.000000
-0.008623 -0.069440 -0.036961 3.000000
-0.004941 -0.070187 0.014631 3.000000
0.047500 -0.029663 0.031665 3.000000
0.000954 -0.102196 -0.026500 3.000000
0.010032 -0.108346 -0.025076 3.000000
0.013064 -0.131248 -0.042776 3.000000
-0.131724 0.178876 0.040485 3.000000
0.017881 -0.139208 -0.038968 3.000000
0.037351 -0.109153 -0.025113 3.000000
0.008278 -0.111406 -0.024487 3.000000
-0.038468 -0.020194 0.026634 4.000000
0.025090 -0.060867 -0.042105 3.000000
-0.007930 -0.080412 -0.037051 3.000000
0.036303 -0.095051 -0.030642 3.000000
0.002297 -0.121440 -0.025085 3.000000
0.001426 0.012058 0.036016 4.000000
-0.082011 0.384871 -0.054957 1.000000
0.018405 -0.139268 -0.039150 3.000000
-0.048227 0.187959 0.047298 3.000000
-0.034459 0.138314 0.045435 4.000000
0.158393 0.282221 0.083380 3.000000
0.040004 -0.007503 0.030183 4.000000
0.077031 0.035266 0.041312 4.000000
0.021776 -0.158828 -0.029483 3.000000
-0.015596 0.080159 0.040315 4.000000
0.026994 0.101549 0.046253 4.000000
0.006405 -0.045539 0.026640 3.000000
-0.013370 -0.070193 -0.042123 3.000000
0.022408 -0.114422 -0.023978 3.000000
0.002579 -0.070742 -0.034897 3.000000
0.014771 -0.109078 -0.025869 3.000000
0.036009 -0.059814 -0.045179 3.000000
-0.108912 0.198731 0.044424 3.000000
0.014216 -0.146650 -0.034514 3.000000
-0.024755 -0.060763 -0.045749 3.000000
0.037191 0.197028 0.021267 3.000000
0.024832 -0.117302 -0.024189 3.000000
-0.003620 -0.105129 -0.027772 3.000000
0.019652 -0.115605 -0.024737 3.000000
0.002447 -0.117105 -0.025477 3.000000
0.045029 -0.065349 -0.042172 3.000000
0.006931 0.103439 0.048750 4.000000
0.027053 -0.071388 -0.039347 3.000000
0.000755 0.018722 0.037008 4.000000
-0.031488 -0.026879 0.027364 4.000000
0.005409 -0.099695 -0.028226 3.000000
0.005961 -0.102293 -0.027352 3.000000
-0.022543 0.080787 0.044108 4.000000
-0.192917 0.450324 0.107455 3.000000
0.024869 -0.142331 -0.037950 3.000000
-0.056264 0.087127 0.038565 4.000000
0.026198 -0.131381 -0.042716 3.000000
0.027395 -0.125665 -0.027467 3.000000
0.219733 0.278815 0.079328 3.000000
-0.138238 0.402501 -0.036476 1.000000
-0.101477 0.105026 0.039354 4.000000
0.023585 -0.062873 0.017904 3.000000
-0.018151 0.005436 0.029728 4.000000
-0.004917 -0.104224 -0.029011 3.000000
0.035889 0.018876 0.037062 4.000000
-0.030800 0.106872 0.045741 4.000000
0.035049 -0.100164 -0.026462 3.000000
0.005071 -0.116278 -0.025108 3.000000
-0.012071 -0.006908 0.031627 4.000000
-0.056264 0.087127 0.038565 4.000000
0.041476 -0.104920 -0.028995 3.000000
-0.017584 0.027752 0.031463 4.000000
-0.129645 0.331914 -0.062520 1.000000
-0.018119 -0.033648 0.028851 3.000000
-0.011505 -0.071500 -0.034200 3.000000
0.035415 -0.121199 -0.024475 3.000000
0.076805 0.034484 0.039527 4.000000
0.018184 -0.158312 -0.029222 3.000000
0.042998 -0.106933 -0.026981 3.000000
0.032420 -0.053192 -0.040085 3.000000
0.037836 -0.072688 -0.037277 3.000000
0.002516 -0.119284 -0.042137 3.000000
-0.004933 -0.009984 0.031678 4.000000
0.021661 -0.096999 -0.030096 3.000000
-0.015464 -0.085736 -0.032660 3.000000
0.019224 -0.164686 -0.027659 3.000000
0.027032 -0.098712 -0.026435 3.000000
0.024439 -0.139782 -0.039123 3.000000
0.023408 -0.118596 -0.023018 3.000000
0.030736 -0.111524 -0.024494 3.000000
0.003037 -0.069554 -0.037605 3.000000
-0.022603 0.053994 0.039524 4.000000
0.017127 -0.154823 -0.031028 3.000000
0.017004 -0.151078 -0.032515 3.000000
-0.046557 -0.009244 0.024776 4.000000
0.045269 -0.069763 0.012512 3.000000
-0.043299 0.054713 0.034864 4.000000
-0.034167 -0.002774 0.028191 4.000000
-0.009342 -0.025641 0.028961 4.000000
-0.032939 0.033663 0.033278 4.000000
0.007412 -0.095268 -0.029211 3.000000
0.251359 0.399214 0.072248 3.000000
0.026060 -0.125411 -0.028001 3.000000
-0.171800 0.457092 0.086879 3.000000
0.011951 -0.108017 -0.026608 3.000000
-0.051623 0.050162 0.036748 4.000000
0.045592 0.034766 0.041140 4.000000
-0.095641 0.087362 0.036793 4.000000
-0.024224 -0.069349 -0.034351 3.000000
-0.020880 0.037502 0.034458 4.000000
0.019358 -0.163404 -0.027982 3.000000
-0.001005 -0.075515 -0.034530 3.000000
0.027479 -0.108185 -0.025454 3.000000
0.027615 -0.121702 -0.025394 3.000000
-0.056965 0.018825 0.031470 4.000000
0.007647 -0.063568 -0.038231 3.000000
-0.132212 0.340476 -0.042403 1.000000
-0.013452 0.089942 0.041165 4.000000
-0.018456 -0.057819 -0.042529 3.000000
-0.030837 0.042835 0.033012 4.000000
0.023398 -0.145407 -0.035595 3.000000
-0.020033 0.048422 0.036226 4.000000
0.016377 -0.091718 -0.030785 3.000000
-0.008612 -0.058841 0.020578 3.000000
0.039695 -0.059828 -0.040795 3.000000
-0.020879 0.001555 0.034806 4.000000
0.011026 -0.128549 -0.024269 3.000000
0.037368 -0.109100 -0.027765 3.000000
-0.015851 -0.084854 -0.037107 3.000000
-0.101008 0.099139 0.039804 4.000000
0.016576 -0.106946 -0.036497 3.000000
-0.015942 -0.071099 -0.041985 3.000000
0.021353 -0.091717 -0.031283 3.000000
0.022086 -0.157595 -0.029920 3.000000
0.003339 0.102196 0.042528 4.000000
0.009813 -0.101601 -0.026919 3.000000
0.102177 0.183772 -0.076147 3.000000
0.023888 -0.145668 -0.035946 3.000000
-0.073645 0.067906 0.033510 4.000000
0.036217 -0.077644 -0.035561 3.000000
0.024832 0.027450 0.038617 4.000000
-0.003248 -0.098068 -0.031879 3.000000
-0.008628 -0.024265 0.029521 4.000000
-0.095022 0.411307 0.042268 3.000000
0.036554 -0.072581 -0.038560 3.000000
0.005711 -0.134492 -0.041558 3.000000
0.158757 0.294390 0.079780 3.000000
0.006502 -0.120045 -0.024696 3.000000
0.006469 -0.095447 -0.029679 3.000000
0.023309 -0.106485 -0.023796 3.000000
-0.079534 0.392729 -0.032523 1.000000
0.018124 -0.143820 -0.036248 3.000000
0.013271 -0.144828 -0.036636 3.000000
0.028672 -0.102961 -0.029039 3.000000
-0.189922 0.403657 0.081048 3.000000
0.037187 -0.113247 -0.027406 3.000000
0.179652 0.294713 0.079854 3.000000
-0.037390 0.063171 0.040648 4.000000
0.035160 -0.060577 -0.042145 3.000000
0.046773 -0.037465 0.026180 3.000000
0.007102 -0.013301 0.032785 4.000000
0.055828 -0.083721 -0.033342 3.000000
-0.024588 -0.063093 -0.042502 3.000000
0.043285 -0.101384 -0.030370 3.000000
0.060361 -0.044253 0.026237 3.000000
-0.044335 -0.022662 0.022417 4.000000
0.000467 -0.032796 0.029219 3.000000
0.004734 -0.045331 0.025755 3.000000
-0.031705 0.083212 0.039345 4.000000
-0.036467 0.059456 0.039534 4.000000
-0.080965 0.400809 -0.063484 1.000000
0.078532 0.035337 0.039814 4.000000
-0.067987 0.062691 0.033799 4.000000
-0.017693 -0.057663 -0.043295 3.000000
-0.021720 -0.062142 -0.044072 3.000000
0.056863 -0.082921 -0.035644 3.000000
0.013139 -0.117270 -0.025809 3.000000
0.077031 0.035266 0.041312 4.000000
-0.020055 0.098626 0.041589 4.000000
0.045681 -0.079725 -0.030718 3.000000
-0.018056 0.045730 0.036986 4.000000
-0.141754 0.400197 -0.024886 1.000000
-0.090757 0.085634 0.034536 4.000000
0.020695 -0.114255 -0.029819 3.000000
-0.024209 0.062387 0.038729 4.000000
0.019734 -0.106226 -0.026574 3.000000
-0.031124 0.016671 0.029414 4.000000
-0.077750 0.093395 0.036464 4.000000
0.041774 -0.116565 -0.026438 3.000000
-0.040890 -0.017060 0.027812 4.000000
0.005153 -0.117749 -0.023578 3.000000
-0.011117 -0.083939 -0.032222 3.000000
-0.011170 0.117820 0.046637 4.000000
0.162638 0.264714 0.079030 3.000000
0.027696 -0.071366 -0.038704 3.000000
-0.089153 0.345185 -0.059960 1.000000
0.034413 -0.077430 -0.036781 3.000000
-0.201349 0.447560 0.085124 3.000000
-0.058578 0.055975 0.033601 4.000000
-0.011043 -0.076940 -0.033818 3.000000
-0.001509 -0.031912 0.026407 3.000000
0.008971 -0.119489 -0.023729 3.000000
-0.011588 0.016402 0.034805 4.000000
-0.124224 0.194584 0.043601 3.000000
0.017752 -0.146303 -0.035226 3.000000
0.018353 -0.130369 -0.023730 3.000000
0.009428 -0.060272 -0.045102 3.000000
-0.018331 -0.068734 0.015281 3.000000
0.030477 -0.057049 -0.040398 3.000000
-0.167757 0.459046 0.082848 3.000000
-0.056387 0.087538 0.036838 4.000000
-0.011783 -0.074795 -0.038298 3.000000
0.004168 -0.117960 -0.024877 3.000000
0.024318 0.009849 0.036568 4.000000
0.025248 -0.110630 -0.024441 3.000000
-0.026250 0.018335 0.032693 4.000000
0.034758 0.110210 0.048657 4.000000
0.004497 -0.117889 -0.030944 3.000000
-0.017887 -0.071741 -0.041239 3.000000
-0.017089 0.000604 0.031890 4.000000
0.032850 -0.075666 -0.035129 3.000000
0.024024 0.049948 0.038281 4.000000
-0.019974 0.032938 0.036017 4.000000
-0.012305 -0.029967 0.027199 4.000000
0.034829 -0.067186 -0.041226 3.000000
0.123612 0.147864 0.045488 3.000000
-0.115530 0.347714 -0.070658 1.000000
0.042476 0.031776 0.038613 4.000000
0.139277 0.261435 0.075135 3.000000
0.026908 -0.109461 -0.025127 3.000000
-0.131386 0.424299 -0.056916 1.000000
0.031639 -0.053284 -0.041615 3.000000
0.001809 -0.101957 -0.029062 3.000000
0.017439 -0.144165 -0.036936 3.000000
0.021510 -0.139501 -0.039461 3.000000
0.031312 -0.108865 -0.025862 3.000000
0.017324 -0.062241 -0.043340 3.000000
0.042872 -0.101171 -0.027780 3.000000
-0.010070 0.107593 0.043947 4.000000
0.019603 0.033899 0.036327 4.000000
0.019385 -0.163395 -0.027929 3.000000
-0.008350 0.062446 0.042121 4.000000
0.002497 -0.117246 -0.023208 3.000000
-0.145487 0.398696 -0.005677 1.000000
0.028175 -0.121943 -0.023649 3.000000
0.058613 -0.079120 -0.033079 3.000000
0.029980 -0.073806 -0.033416 3.000000
0.013497 -0.017916 0.030943 4.000000
-0.002121 0.033707 0.033292 4.000000
-0.037757 0.030214 0.030768 4.000000
0.045394 -0.025602 0.033449 4.000000
0.047009 -0.097190 -0.031473 3.000000
0.026341 -0.126857 -0.029538 3.000000
0.017978 -0.115583 -0.025407 3.000000
0.002312 -0.007495 0.031406 4.000000
0.059178 -0.050272 0.023543 3.000000
-0.049746 0.139345 0.045684 4.000000
-0.018332 -0.017817 0.029825 4.000000
-0.005706 -0.069892 -0.035613 3.000000
0.019352 -0.162107 -0.028291 3.000000
0.029858 -0.132108 -0.023252 3.000000
0.049900 -0.031810 0.028573 3.000000
0.020414 -0.158359 -0.029302 3.000000
0.131545 0.280122 0.076440 3.000000
0.036147 -0.071243 -0.039365 3.000000
0.009366 -0.111174 -0.024840 3.000000
0.016904 -0.129742 -0.043745 3.000000
-0.016218 -0.075920 -0.032068 3.000000
0.002970 -0.060593 0.013083 3.000000
0.060617 -0.073128 -0.037863 3.000000
0.033134 -0.118920 -0.026810 3.000000
-0.031477 -0.014386 0.029989 4.000000
-0.039843 0.053846 0.036232 4.000000
0.007365 -0.054459 -0.040705 3.000000
0.035075 -0.111226 -0.025208 3.000000
0.008450 0.111437 0.044958 4.000000
0.001647 -0.123153 -0.024902 3.000000
-0.002250 -0.117566 -0.025498 3.000000
-0.070083 0.100063 0.038121 4.000000
-0.024025 0.020113 0.037499 4.000000
-0.071749 0.067747 0.036869 4.000000
0.014047 -0.113282 -0.023542 3.000000
0.012969 -0.102573 -0.025659 3.000000
-0.000028 -0.112370 -0.024903 3.000000
-0.013828 0.124007 0.048264 4.000000
0.018102 -0.157165 -0.030057 3.000000
0.050458 -0.056647 -0.047987 3.000000
0.026863 -0.125557 -0.027733 3.000000
0.019859 -0.160883 -0.028674 3.000000
0.017357 -0.064022 0.017390 3.000000
-0.135696 0.339573 -0.035498 1.000000
-0.050938 0.034307 0.031995 4.000000
0.003541 -0.093301 -0.028282 3.000000
-0.079340 0.350629 -0.011070 1.000000
0.043599 -0.104306 -0.028185 3.000000
0.023335 -0.141986 -0.037921 3.000000
0.054934 -0.076229 -0.035082 3.000000
-0.100789 0.332813 -0.062583 1.000000
0.036597 -0.107524 -0.025038 3.000000
0.001383 -0.032792 0.026049 3.000000
0.049271 -0.083985 -0.034431 3.000000
-0.000878 -0.059589 -0.039372 3.000000
-0.108390 0.348933 -0.060198 1.000000
0.017729 -0.155901 -0.030329 3.000000
-0.075336 0.076912 0.035878 4.000000
-0.012239 -0.064708 0.017904 3.000000
0.000591 0.033933 0.037836 4.000000
0.011071 -0.140518 -0.038984 3.000000
0.033285 -0.099750 -0.026897 3.000000
-0.012326 -0.077112 0.011532 3.000000
-0.016640 0.022817 0.034171 4.000000
-0.063276 0.085503 0.036317 4.000000
0.014430 -0.117086 -0.027425 3.000000
0.146323 0.286443 0.074681 3.000000
0.014528 -0.062273 0.016507 3.000000
0.022982 -0.146740 -0.035479 3.000000
0.059259 -0.018780 0.030598 4.000000
-0.022987 -0.066806 -0.042642 3.000000
0.035536 -0.116931 -0.025795 3.000000
-0.193307 0.451458 0.094550 3.000000
0.071086 -0.030997 0.028917 3.000000
-0.023793 -0.066778 -0.039924 3.000000
0.042523 -0.066815 -0.036544 3.000000
-0.012835 -0.062815 -0.041127 3.000000
0.034927 -0.070688 -0.036192 3.000000
-0.028442 0.140570 0.045979 4.000000
0.030189 -0.114048 -0.026374 3.000000
-0.001810 -0.009185 0.030771 4.000000
0.003512 -0.076008 -0.035100 3.000000
0.054891 -0.070851 -0.038765 3.000000
-0.002583 0.051880 0.042121 4.000000
0.010684 -0.073659 -0.034673 3.000000
0.024357 -0.137402 -0.040444 3.000000
0.026328 -0.125459 -0.027199 3.000000
0.062274 0.064110 0.042632 4.000000
-0.030839 0.078999 0.039993 4.000000
0.047455 -0.058980 -0.041634 3.000000
-0.050886 0.188787 0.047474 3.000000
0.033235 -0.116221 -0.025437 3.000000
0.015442 -0.107711 -0.025436 3.000000
-0.003389 -0.013097 0.032867 4.000000
-0.008813 -0.073429 -0.034065 3.000000
-0.079788 0.334501 -0.035419 1.000000
0.017732 -0.155919 -0.030389 3.000000
0.021857 -0.074470 -0.032140 3.000000
-0.128788 0.341575 -0.038981 1.000000
-0.005519 -0.070602 0.015218 3.000000
-0.000661 -0.108289 -0.028151 3.000000
-0.051853 0.009863 0.028583 4.000000
0.016024 -0.038569 0.028781 3.000000
0.006613 -0.054541 -0.040695 3.000000
0.027763 -0.141752 -0.038027 3.000000
-0.003657 -0.066920 -0.038555 3.000000
0.021173 -0.077539 -0.037371 3.000000
-0.008494 -0.067423 -0.043227 3.000000
-0.024800 -0.064487 0.017182 3.000000
-0.070216 0.185086 0.044199 3.000000
0.219453 0.278194 0.082379 3.000000
0.201167 0.252822 0.079102 3.000000
0.037494 -0.113492 -0.023910 3.000000
0.086026 0.066379 0.039896 4.000000
-0.014741 0.006551 0.032717 4.000000
0.039463 -0.074209 -0.035251 3.000000
0.044919 -0.103456 -0.025270 3.000000
-0.005361 -0.108731 -0.028910 3.000000
-0.010000 0.076033 0.042718 4.000000
0.003732 0.013504 0.036538 4.000000
-0.015463 -0.076062 -0.037536 3.000000
0.024060 -0.067313 -0.040532 3.000000
-0.007381 -0.098055 -0.029149 3.000000
0.009353 -0.111105 -0.027030 3.000000
0.009440 -0.017270 0.032369 4.000000
-0.069181 0.251224 -0.034124 1.000000
-0.035007 0.016217 0.036125 4.000000
-0.121770 0.356955 0.068434 3.000000
0.037823 -0.072754 -0.037904 3.000000
0.023127 -0.056301 -0.038244 3.000000
0.020407 -0.154688 -0.031074 3.000000
0.034714 -0.111105 -0.025568 3.000000
-0.012363 0.020953 0.033556 4.000000
0.008662 -0.118128 -0.024569 3.000000
0.023682 -0.060610 -0.040697 3.000000
-0.133621 0.196488 0.043978 3.000000
-0.011138 -0.078573 -0.036069 3.000000
-0.015322 0.030298 0.033703 4.000000
-0.009953 0.090158 0.046848 4.000000
0.035777 -0.112778 -0.028112 3.000000
0.014319 -0.147910 -0.034035 3.000000
-0.040118 -0.021753 0.024939 4.000000
0.019716 -0.158296 -0.029412 3.000000
0.038840 -0.067725 -0.039805 3.000000
0.004767 0.109738 0.050545 4.000000
0.019224 -0.164686 -0.027659 3.000000
-0.029664 0.011411 0.029081 4.000000
-0.075544 0.185931 0.046867 3.000000
0.047740 -0.028520 0.028874 3.000000
0.003291 0.102993 0.044692 4.000000
0.025941 -0.095910 -0.027790 3.000000
-0.067462 0.184205 0.051487 3.000000
0.033036 0.113378 0.047499 4.000000
0.028875 -0.101633 -0.027349 3.000000
0.026565 -0.069404 -0.032392 3.000000
0.011941 -0.065218 -0.043580 3.000000
0.029211 -0.054673 -0.043732 3.000000
-0.035883 0.023803 0.034496 4.000000
-0.134003 0.402213 -0.040338 1.000000
-0.009453 0.140998 0.048291 4.000000
0.000999 -0.116184 -0.026428 3.000000
0.121536 0.141649 0.030934 3.000000
-0.027966 0.137522 0.047428 4.000000
0.014080 -0.146637 -0.034379 3.000000
0.050541 -0.050552 0.023418 3.000000
-0.043853 0.068681 0.035418 4.000000
0.043891 -0.072323 -0.031615 3.000000
-0.022287 0.142208 0.048592 4.000000
0.009536 -0.123290 -0.008793 3.000000
0.039307 -0.098608 -0.030038 3.000000
0.018516 -0.142702 -0.037061 3.000000
0.036999 -0.106201 -0.026973 3.000000
-0.179839 0.453123 0.108069 3.000000
0.056469 -0.062529 -0.034830 3.000000
0.043817 0.031630 0.038564 4.000000
0.019180 -0.155883 -0.030665 3.000000
0.135833 0.260291 0.077931 3.000000
-0.090557 0.409274 0.053964 3.000000
-0.016324 0.021166 0.035034 4.000000
0.030385 -0.031685 0.028626 3.000000
-0.081617 0.404485 -0.020984 1.000000
0.005003 -0.133480 -0.023438 3.000000
0.013688 -0.059601 0.020231 3.000000
0.011246 0.009313 0.037721 4.000000
0.045501 -0.100852 -0.030829 3.000000
0.039606 -0.095943 -0.030604 3.000000
0.035064 0.085344 0.043593 4.000000
-0.019257 0.036499 0.034150 4.000000
0.001025 -0.119108 -0.024634 3.000000
-0.023962 -0.062638 -0.041150 3.000000
0.012595 -0.120248 -0.022878 3.000000
0.034891 -0.116688 -0.026768 3.000000
-0.015399 -0.081292 -0.031231 3.000000
-0.008978 0.067615 0.038541 4.000000
0.040898 -0.064596 -0.043679 3.000000
-0.041836 -0.014736 0.028685 4.000000
0.027332 -0.121593 -0.028328 3.000000
0.020995 -0.158558 -0.029521 3.000000
0.012281 0.108981 0.044312 4.000000
0.018819 -0.152116 -0.031952 3.000000
0.021485 -0.151151 -0.032698 3.000000
-0.021148 0.082780 0.042863 4.000000
0.023770 -0.145588 -0.035826 3.000000
-0.032172 0.137379 0.045209 4.000000
0.011363 -0.074274 0.013544 3.000000
-0.001636 -0.066551 -0.039274 3.000000
-0.020467 0.035423 0.036818 4.000000
-0.039827 0.087635 0.042390 4.000000
-0.066733 0.064073 0.035849 4.000000
0.133411 0.287515 0.084694 3.000000
0.069763 0.068700 0.045787 4.000000
-0.013988 0.030509 0.033769 4.000000
-0.003574 -0.080339 -0.035316 3.000000
0.051485 -0.076198 -0.033265 3.000000
0.059480 -0.066895 -0.038557 3.000000
0.019224 -0.164686 -0.027659 3.000000
-0.004542 -0.063136 -0.039678 3.000000
0.005076 -0.116295 -0.024778 3.000000
-0.148371 0.394381 -0.063077 1.000000
0.015938 -0.093031 -0.029750 3.000000
0.017180 -0.150988 -0.032337 3.000000
0.013266 -0.120643 -0.041374 3.000000
0.010673 -0.066333 -0.041344 3.000000
0.035033 0.115072 0.045914 4.000000
0.007278 -0.080685 -0.033555 3.000000
-0.001997 -0.114541 -0.025702 3.000000
-0.032097 0.025186 0.033520 4.000000
-0.097630 0.334625 -0.014992 1.000000
0.020585 -0.145292 -0.036268 3.000000
0.021184 -0.110243 -0.028505 3.000000
-0.007323 -0.082297 0.009888 3.000000
0.051834 -0.031731 0.030756 3.000000
0.040549 -0.107411 -0.028940 3.000000
0.048474 0.082450 0.044594 4.000000
0.005367 -0.111995 -0.027041 3.000000
0.022471 -0.074522 -0.032754 3.000000
0.026841 -0.124200 -0.027460 3.000000
-0.058733 0.056415 0.036983 4.000000
0.037019 0.017523 0.036585 4.000000
0.042595 -0.072130 -0.034156 3.000000
0.009566 -0.119251 -0.025265 3.000000
0.014960 0.065204 0.042969 4.000000
0.019470 -0.163424 -0.027996 3.000000
0.016546 -0.106285 -0.026575 3.000000
0.008554 0.068038 0.042106 4.000000
0.109247 0.146698 0.045215 3.000000
0.035281 -0.115495 -0.024731 3.000000
0.052087 -0.084854 -0.030534 3.000000
0.020155 -0.057946 0.020109 3.000000
0.157465 0.164732 -0.082692 3.000000
0.026869 -0.073580 -0.034679 3.000000
0.019224 -0.164686 -0.027659 3.000000
-0.009251 -0.097399 -0.029623 3.000000
0.041585 -0.078609 -0.031934 3.000000
-0.005670 -0.067335 -0.037837 3.000000
0.010432 0.108434 0.046163 4.000000
-0.021271 -0.026177 0.026552 4.000000
0.014394 0.095696 0.042719 4.000000
0.041607 -0.061320 -0.038466 3.000000
-0.075206 0.081512 0.035297 4.000000
-0.042416 0.046149 0.035545 4.000000
-0.018659 -0.031751 0.027532 4.000000
-0.139414 0.339404 -0.049255 1.000000
-0.021411 0.074137 0.038643 4.000000
-0.107855 0.362098 0.029016 1.000000
0.153448 0.276924 0.082064 3.000000
0.028198 -0.100191 -0.027782 3.000000
0.029814 -0.063391 -0.037552 3.000000
0.019268 -0.159550 -0.029030 3.000000
0.041557 -0.067950 -0.036441 3.000000
0.036573 -0.110281 -0.025536 3.000000
0.026062 -0.075934 -0.029644 3.000000
0.163176 0.247529 0.077749 3.000000
0.061221 -0.064610 -0.037433 3.000000
0.038940 -0.116791 -0.025790 3.000000
0.055130 -0.079125 -0.034252 3.000000
0.019224 -0.164686 -0.027659 3.000000
-0.076884 0.071332 0.037864 4.000000
-0.085288 0.344033 -0.011283 1.000000
0.009098 -0.115399 -0.023374 3.000000
-0.083965 0.079150 0.036467 4.000000
0.104554 0.183209 -0.076068 3.000000
0.006931 0.103439 0.048750 4.000000
-0.005647 -0.072672 -0.036012 3.000000
0.007608 0.133021 0.046309 4.000000
0.124318 0.157267 0.040774 3.000000
-0.429163 0.894861 0.086334 3.000000
-0.005155 0.139761 0.043591 4.000000
0.024615 -0.069281 0.015820 3.000000
0.021857 -0.111668 -0.024866 3.000000
0.009738 -0.115094 -0.026739 3.000000
-0.001817 -0.080001 -0.036513 3.000000
0.053185 -0.012866 0.030572 4.000000
0.124999 0.308162 0.083002 3.000000
-0.010703 0.096712 0.042994 4.000000
-0.045987 -0.018969 0.027095 4.000000
0.025648 -0.116093 -0.023768 3.000000
-0.001285 -0.057465 0.021205 3.000000
0.045515 -0.063479 0.018464 3.000000
-0.043180 0.066192 0.039841 4.000000
0.056120 -0.076766 -0.035641 3.000000
0.023047 -0.097022 -0.028249 3.000000
-0.003213 -0.104974 -0.027773 3.000000
-0.012378 0.068946 0.037202 4.000000
0.030798 -0.060836 -0.037801 3.000000
-0.045537 -0.002490 0.028289 4.000000
-0.053077 0.110234 0.040648 4.000000
-0.043543 -0.001040 0.026304 4.000000
-0.005987 -0.049932 -0.041241 3.000000
-0.001358 -0.118695 -0.024291 3.000000
0.034280 0.101756 0.044358 4.000000
0.031357 -0.055816 -0.040544 3.000000
0.020217 -0.154517 -0.030598 3.000000
0.007725 -0.108715 -0.027002 3.000000
0.007274 -0.015449 0.027259 4.000000
-0.129534 0.344131 -0.066866 1.000000
0.012667 -0.146089 -0.035612 3.000000
0.059718 0.058906 0.042706 4.000000
-0.026025 0.055563 0.036734 4.000000
-0.063000 0.084665 0.034295 4.000000
-0.008523 -0.080541 -0.036456 3.000000
0.018087 -0.147562 -0.034844 3.000000
0.023121 -0.073709 -0.038426 3.000000
0.028957 -0.116574 -0.024795 3.000000
-0.060375 0.094405 0.032976 4.000000
0.024840 -0.065298 -0.032596 3.000000
-0.017341 0.069476 0.042538 4.000000
-0.001600 0.149088 0.045774 4.000000
-0.083365 0.334673 -0.004765 1.000000
0.079038 0.042208 0.040565 4.000000
-0.029312 0.049267 0.036479 4.000000
0.003268 -0.057726 -0.041058 3.000000
0.027588 -0.121841 -0.031843 3.000000
0.038516 -0.075595 -0.037588 3.000000
0.013783 -0.148188 -0.034319 3.000000
0.000577 -0.070673 0.015185 3.000000
0.041790 -0.072681 -0.041101 3.000000
0.030445 -0.129497 -0.023143 3.000000
-0.060604 0.071960 0.036304 4.000000
-0.057992 0.092892 0.036339 4.000000
0.034333 -0.122348 -0.023104 3.000000
0.033478 -0.075630 -0.033300 3.000000
0.005962 -0.102296 -0.026927 3.000000
0.023118 0.009434 0.037767 4.000000
-0.000733 0.107886 0.046015 4.000000
0.019224 -0.164686 -0.027659 3.000000
0.016712 -0.142751 -0.036864 3.000000
-0.056830 0.095452 0.038861 4.000000
0.000302 -0.017235 0.030052 4.000000
0.040080 -0.096067 -0.030130 3.000000
0.036637 -0.025681 0.033414 4.000000
0.040212 -0.033559 0.026782 3.000000
0.009949 -0.117929 -0.023594 3.000000
-0.003921 -0.113900 -0.027063 3.000000
0.053480 -0.066591 -0.042675 3.000000
0.017486 -0.148537 -0.033546 3.000000
-0.000034 -0.112354 -0.025259 3.000000
0.029912 -0.037312 0.028304 3.000000
0.011554 -0.141427 -0.037984 3.000000
0.018363 -0.158320 -0.029359 3.000000
0.000399 0.010289 0.032697 4.000000
0.018110 0.062216 0.043747 4.000000
0.026637 -0.120310 -0.023496 3.000000
0.017613 -0.148692 -0.033989 3.000000
0.035344 -0.059376 -0.043045 3.000000
0.022569 -0.117028 -0.025148 3.000000
-0.039509 -0.025900 0.024490 4.000000
0.003190 -0.118204 -0.027430 3.000000
0.014088 -0.147970 -0.034012 3.000000
0.025157 -0.103929 -0.024458 3.000000
-0.014422 -0.011537 0.031082 4.000000
-0.003027 -0.114967 -0.026397 3.000000
0.044397 -0.072943 -0.037883 3.000000
0.040273 -0.101663 -0.027779 3.000000
-0.009709 -0.097595 -0.029617 3.000000
0.040488 -0.066488 -0.037925 3.000000
-0.053750 0.042282 0.031322 4.000000
-0.023633 0.077209 0.041275 4.000000
-0.024296 0.033409 0.036169 4.000000
0.057783 0.087209 0.047853 4.000000
0.009357 -0.051199 -0.047414 3.000000
0.068587 0.055983 0.041786 4.000000
-0.074764 0.345531 -0.056491 1.000000
0.180735 0.297814 0.077260 3.000000
0.198552 0.254602 0.076518 3.000000
-0.054537 0.087606 0.038691 4.000000
-0.013762 -0.076900 -0.038049 3.000000
-0.050665 0.052219 0.035756 4.000000
0.024837 -0.117259 -0.024836 3.000000
0.043904 -0.105874 -0.028573 3.000000
-0.094031 0.083828 0.035889 4.000000
0.001495 -0.120285 -0.025926 3.000000
0.053507 -0.074494 -0.037710 3.000000
-0.017128 0.079003 0.043587 4.000000
-0.018246 0.112330 0.043177 4.000000
0.019569 -0.163426 -0.027904 3.000000
0.016000 -0.152430 -0.031659 3.000000
-0.020814 0.147317 0.045360 4.000000
0.005007 -0.112088 -0.027400 3.000000
0.022978 0.076834 0.041169 4.000000
0.029553 -0.115363 -0.024385 3.000000
0.035833 -0.117124 -0.024176 3.000000
0.024736 -0.093145 -0.028771 3.000000
0.023342 -0.023593 0.030919 4.000000
-0.096371 0.329247 -0.008387 1.000000
0.020845 -0.060380 0.019020 3.000000
0.051613 0.080308 0.045785 4.000000
0.020927 -0.055078 -0.039874 3.000000
0.002582 -0.114218 -0.026378 3.000000
-0.039170 0.140612 0.043790 4.000000
0.023204 -0.113028 -0.026348 3.000000
0.019640 -0.116913 -0.025142 3.000000
0.057442 -0.066168 -0.039319 3.000000
-0.050875 0.117450 0.036344 4.000000
-0.002196 -0.078476 -0.033711 3.000000
-0.082100 0.328516 -0.015147 1.000000
-0.001520 -0.098770 -0.027784 3.000000
0.010419 -0.092159 -0.029775 3.000000
0.034636 0.018973 0.037097 4.000000
0.009674 -0.116538 -0.024793 3.000000
0.009759 -0.046492 0.026205 3.000000
0.005515 0.041883 0.040457 4.000000
-0.051858 0.105599 0.043422 4.000000
-0.120059 0.337021 -0.011508 1.000000
0.019493 -0.147342 -0.034387 3.000000
-0.008691 -0.081932 -0.035741 3.000000
0.018024 0.079716 0.045607 4.000000
-0.110835 0.212363 0.044459 3.000000
-0.046305 0.115316 0.043941 4.000000
0.033080 -0.119096 -0.023382 3.000000
-0.000106 -0.115300 -0.024043 3.000000
0.022518 -0.143164 -0.037566 3.000000
-0.032059 0.124765 0.040082 4.000000
-0.005361 -0.056314 -0.038243 3.000000
0.007755 -0.121078 -0.024765 3.000000
0.054071 -0.073008 -0.003549 3.000000
-0.005747 -0.108889 -0.027385 3.000000
-0.120543 0.397850 -0.063297 1.000000
0.019224 -0.164686 -0.027659 3.000000
-0.021336 0.073691 0.040273 4.000000
0.012382 0.010656 0.034164 4.000000
0.043719 0.011347 0.035760 4.000000
-0.001031 -0.075399 -0.032704 3.000000
0.033791 -0.069519 -0.039581 3.000000
-0.003129 0.009504 0.033758 4.000000
0.006416 -0.131295 -0.024756 3.000000
-0.049421 0.038809 0.033344 4.000000
0.023098 -0.118510 -0.023644 3.000000
0.026090 -0.126771 -0.026955 3.000000
-0.031477 0.033588 0.034738 4.000000
0.014306 -0.146492 -0.034152 3.000000
-0.003174 -0.047585 0.024746 3.000000
0.015365 -0.134618 -0.041252 3.000000
0.165354 0.158534 -0.081657 3.000000
0.062942 0.097005 0.044991 4.000000
0.010032 -0.108346 -0.025076 3.000000
0.018734 -0.152148 -0.032037 3.000000
0.058496 0.080671 0.045893 4.000000
-0.092259 0.109091 0.032488 4.000000
0.022254 -0.060848 -0.042830 3.000000
-0.009942 0.075554 0.044360 4.000000
-0.041937 0.020790 0.033502 4.000000
-0.044239 0.133884 0.044366 4.000000
-0.006224 -0.062264 -0.040490 3.000000
0.007097 0.099807 0.041900 4.000000
-0.055011 0.014120 0.029954 4.000000
0.096771 0.062337 0.042088 4.000000
-0.016021 0.083150 0.039329 4.000000
0.018626 -0.146110 -0.034865 3.000000
0.009783 -0.128790 -0.025030 3.000000
-0.018205 -0.062975 -0.038994 3.000000
0.020741 -0.067040 -0.039216 3.000000
0.070924 -0.009887 0.032928 4.000000
0.028281 -0.096180 -0.027322 3.000000
0.004822 0.077267 0.043079 4.000000
-0.018660 -0.080034 0.008847 3.000000
0.017635 -0.029243 0.030751 3.000000
-0.096683 0.346253 -0.060028 1.000000
0.018823 -0.130514 -0.022561 3.000000
-0.024639 -0.068439 -0.038385 3.000000
-0.030410 -0.020793 0.024181 4.000000
0.035938 -0.072397 -0.037944 3.000000
-0.067321 0.097767 0.039453 4.000000
0.024444 -0.059588 0.020237 3.000000
0.010952 -0.076514 -0.036877 3.000000
-0.004665 -0.059380 -0.042312 3.000000
0.183671 0.296104 0.080180 3.000000
0.000223 0.053862 0.041118 4.000000
-0.005840 -0.078956 -0.041381 3.000000
0.008769 -0.097731 -0.028699 3.000000
0.007890 -0.023147 0.028854 4.000000
-0.108513 0.168352 0.045508 3.000000
0.179740 0.257601 0.077262 3.000000
0.015667 -0.141908 -0.037957 3.000000
0.007706 -0.119646 -0.026209 3.000000
0.054623 -0.073436 -0.037199 3.000000
0.037966 -0.075192 -0.034555 3.000000
-0.010861 -0.081179 -0.034666 3.000000
-0.091200 0.135387 0.040413 4.000000
-0.032219 0.137655 0.049653 4.000000
-0.026376 -0.012575 0.029497 4.000000
-0.100179 0.416516 0.046924 3.000000
0.035662 0.069478 0.040802 4.000000
0.108034 0.150544 0.048385 3.000000
-0.225170 0.435493 0.099913 3.000000
0.011106 -0.101427 -0.026485 3.000000
-0.007226 -0.106647 -0.028561 3.000000
0.012587 -0.064688 -0.040186 3.000000
0.006405 -0.045539 0.026640 3.000000
-0.060479 0.114997 0.041831 4.000000
0.028805 0.028196 0.035944 4.000000
-0.010998 -0.068654 -0.035717 3.000000
0.017486 -0.148537 -0.033546 3.000000
-0.017095 -0.071892 0.009392 3.000000
-0.034884 0.073831 0.035068 4.000000
0.022456 -0.074933 -0.037661 3.000000
-0.027383 0.017578 0.029700 4.000000
-0.001583 -0.101590 -0.028639 3.000000
0.020748 -0.129099 -0.023338 3.000000
0.040549 -0.107411 -0.028940 3.000000
-0.018737 0.013904 0.033944 4.000000
0.019317 -0.162102 -0.028274 3.000000
0.003311 0.102666 0.040706 4.000000
0.024021 -0.052706 -0.041687 3.000000
0.023353 -0.023198 0.029956 4.000000
0.008658 -0.118109 -0.024886 3.000000
0.028198 -0.100192 -0.027342 3.000000
-0.129665 0.344578 -0.059922 1.000000
0.014761 -0.147717 -0.033845 3.000000
0.028716 -0.142065 -0.037886 3.000000
-0.007615 -0.070506 0.013720 3.000000
0.046297 -0.102561 -0.028624 3.000000
0.019547 -0.127596 -0.024689 3.000000
-0.072223 0.035974 0.032494 4.000000
0.013569 -0.126783 -0.023581 3.000000
0.032567 -0.100972 -0.026042 3.000000
-0.041332 -0.024267 0.026199 4.000000
0.041674 0.082605 0.046473 4.000000
-0.012443 0.149792 0.050476 4.000000
-0.026834 0.117631 0.044533 4.000000
0.019051 -0.129570 -0.043535 3.000000
0.008077 -0.077827 -0.032567 3.000000
-0.015233 0.003034 0.030194 4.000000
-0.092477 0.084915 0.034357 4.000000
0.071465 0.068853 0.044090 4.000000
-0.008397 -0.074782 -0.035203 3.000000
-0.002336 -0.066552 -0.037919 3.000000
-0.013932 -0.078242 -0.036696 3.000000
-0.013354 -0.086219 -0.031556 3.000000
0.016786 -0.118412 -0.023636 3.000000
0.011315 -0.116207 -0.025436 3.000000
0.012657 -0.110598 -0.027393 3.000000
0.013845 -0.146744 -0.034479 3.000000
-0.025216 0.076558 0.037547 4.000000
-0.056207 0.044689 0.035107 4.000000
-0.048807 0.074040 0.036866 4.000000
0.017414 -0.010424 0.033935 4.000000
0.011216 -0.098725 -0.027335 3.000000
0.055278 -0.061440 -0.042025 3.000000
0.011758 -0.062715 0.017143 3.000000
0.032827 0.076033 0.042718 4.000000
-0.037178 0.023458 0.034382 4.000000
0.022517 -0.098383 -0.030499 3.000000
-0.138246 0.402532 -0.021007 1.000000
0.006423 -0.129900 -0.024395 3.000000
0.017588 -0.025200 0.034763 4.000000
-0.020686 -0.075506 -0.038831 3.000000
0.019530 -0.163436 -0.027992 3.000000
-0.005230 0.140699 0.039432 4.000000
0.017636 -0.079073 0.001221 3.000000
-0.052655 0.030642 0.032350 4.000000
0.014353 -0.143216 -0.037015 3.000000
0.055859 -0.086511 -0.030474 3.000000
0.036098 -0.103186 -0.029034 3.000000
0.045933 0.009799 0.035203 4.000000
0.030486 -0.056966 -0.039664 3.000000
0.058252 -0.047829 0.025596 3.000000
-0.103382 0.328778 -0.005035 1.000000
0.028636 -0.100261 -0.028660 3.000000
0.026022 -0.149918 -0.033504 3.000000
0.054216 -0.084389 -0.032196 3.000000
0.034333 -0.122348 -0.023104 3.000000
0.017371 -0.091650 -0.029790 3.000000
0.034440 0.104580 0.049076 4.000000
-0.118203 0.357876 0.068603 3.000000
-0.014330 -0.062931 -0.047524 3.000000
0.052452 -0.085506 -0.037030 3.000000
0.050194 0.082529 0.048291 4.000000
-0.071377 0.390669 0.001598 1.000000
0.037097 -0.093902 -0.031175 3.000000
-0.043277 0.060446 0.034842 4.000000
-0.034127 0.022526 0.035493 4.000000
0.039526 -0.111275 -0.027032 3.000000
-0.010069 -0.059172 -0.040877 3.000000
0.059400 -0.074182 -0.038997 3.000000
0.036317 -0.094995 -0.026841 3.000000
0.018400 -0.158272 -0.029186 3.000000
0.124052 0.142204 0.031040 3.000000
0.021253 0.067907 0.038625 4.000000
0.022951 -0.036983 0.028449 3.000000
0.010088 -0.067302 -0.037840 3.000000
0.022918 -0.129351 -0.022634 3.000000
-0.000975 -0.062850 -0.043247 3.000000
-0.035328 -0.019505 0.028025 4.000000
0.021661 -0.096999 -0.030096 3.000000
0.019732 -0.162170 -0.028349 3.000000
0.022422 -0.055111 -0.039871 3.000000
-0.026343 -0.008827 0.027294 4.000000
0.016188 -0.134540 -0.041288 3.000000
0.026741 -0.121499 -0.028919 3.000000
-0.080189 0.084297 0.039639 4.000000
0.010016 -0.140681 -0.038511 3.000000
-0.003047 -0.008081 0.031186 4.000000
0.022934 -0.144196 -0.036422 3.000000
-0.214641 0.445048 0.101944 3.000000
-0.015092 -0.003243 0.031751 4.000000
-0.004071 -0.103953 -0.030675 3.000000
0.015998 -0.094328 -0.027793 3.000000
-0.111761 0.362501 0.014555 1.000000
0.019312 -0.118239 -0.025212 3.000000
-0.016237 -0.083977 0.002041 3.000000
-0.072313 0.078923 0.038186 4.000000
-0.108754 0.198284 0.046910 3.000000
-0.047622 0.076095 0.040958 4.000000
0.023159 -0.129377 -0.022637 3.000000
0.027639 -0.055470 -0.040585 3.000000
0.024316 -0.074575 -0.032135 3.000000
0.003723 -0.060774 0.013831 3.000000
-0.058288 0.081617 0.035324 4.000000
-0.038131 -0.021040 0.025201 4.000000
0.016719 -0.153645 -0.031514 3.000000
0.008384 -0.075397 -0.036379 3.000000
-0.126244 0.345770 -0.056505 1.000000
0.043595 -0.104317 -0.029009 3.000000
0.052729 -0.078317 -0.036094 3.000000
0.027031 -0.128633 -0.022782 3.000000
-0.032161 -0.022056 0.025934 4.000000
0.013016 -0.118791 -0.023353 3.000000
-0.088390 0.094516 0.038622 4.000000
-0.188560 0.451285 0.103270 3.000000
0.000224 -0.110800 -0.028496 3.000000
-0.130505 0.404654 -0.024864 1.000000
-0.045600 0.011469 0.026460 4.000000
0.015957 -0.148788 -0.033578 3.000000
-0.136067 0.340782 -0.038964 1.000000
0.019410 -0.066880 -0.037884 3.000000
0.040454 -0.115969 -0.026423 3.000000
0.036760 -0.095240 -0.032058 3.000000
0.036613 -0.107471 -0.028158 3.000000
-0.016891 -0.072413 0.014392 3.000000
0.152524 0.273886 0.078139 3.000000
0.046991 -0.098517 -0.028236 3.000000
-0.015509 0.121412 0.041357 4.000000
0.037042 -0.069987 -0.038867 3.000000
0.002870 -0.112721 -0.026695 3.000000
0.019850 -0.092945 -0.029263 3.000000
-0.003289 -0.097949 -0.027331 3.000000
0.037237 -0.111951 -0.024520 3.000000
-0.018410 0.001209 0.033389 4.000000
0.026555 -0.077322 -0.030209 3.000000
-0.033884 0.062239 0.037009 4.000000
-0.004682 -0.073786 -0.035911 3.000000
-0.019434 0.136564 0.045013 4.000000
0.033917 -0.064122 -0.039561 3.000000
-0.056458 0.040976 0.032469 4.000000
0.032471 -0.118863 -0.023989 3.000000
0.013126 -0.094548 -0.029706 3.000000
-0.076386 0.132045 0.039655 4.000000
-0.039842 0.023005 0.028606 4.000000
-0.033333 0.053183 0.034428 4.000000
0.013708 -0.146734 -0.034342 3.000000
0.100571 0.029159 0.039205 4.000000
0.028446 -0.120647 -0.023527 3.000000
0.023478 -0.155444 -0.030745 3.000000
0.012645 -0.094564 -0.028270 3.000000
0.032492 -0.069333 -0.039604 3.000000
0.013353 -0.097166 -0.027787 3.000000
0.003054 -0.093409 -0.028281 3.000000
0.039073 -0.118276 -0.026165 3.000000
0.011024 -0.140379 -0.038648 3.000000
-0.106737 0.342279 -0.063248 1.000000
0.023712 -0.130736 -0.023067 3.000000
0.263421 0.406275 0.085589 3.000000
-0.017267 -0.071454 0.008101 3.000000
-0.060009 0.093216 0.038289 4.000000
-0.015620 -0.077418 -0.036182 3.000000
0.013603 -0.094496 -0.029228 3.000000
-0.072422 0.106997 0.035923 4.000000
0.019235 -0.163387 -0.027940 3.000000
-0.033465 0.035663 0.030916 4.000000
-0.021848 0.022266 0.032579 4.000000
0.019264 -0.162096 -0.028256 3.000000
-0.092842 0.090380 0.035715 4.000000
0.058384 -0.050043 0.023646 3.000000
-0.000050 -0.112311 -0.028473 3.000000
0.051450 -0.033297 0.031140 3.000000
0.031075 -0.128380 -0.022496 3.000000
-0.069756 0.337539 -0.011492 1.000000
-0.053521 0.000884 0.030719 4.000000
0.014764 0.011112 0.037033 4.000000
-0.022540 -0.001361 0.033711 4.000000
0.012549 -0.102650 -0.024814 3.000000
-0.005732 -0.018015 0.029747 4.000000
-0.104766 0.107384 0.041912 4.000000
-0.000746 -0.112621 -0.025272 3.000000
0.061767 -0.072269 -0.038597 3.000000
0.040549 -0.107411 -0.028940 3.000000
0.020235 -0.099637 -0.030445 3.000000
-0.186227 0.405584 0.085452 3.000000
-0.429433 0.895499 0.079097 3.000000
-0.029518 0.006350 0.031338 4.000000
0.042872 -0.101171 -0.027780 3.000000
0.019565 -0.162102 -0.028181 3.000000
-0.083462 0.335143 -0.021797 1.000000
-0.033912 0.037359 0.034414 4.000000
0.023516 -0.149043 -0.033604 3.000000
0.059748 -0.012950 0.034129 4.000000
0.032469 -0.133123 -0.022950 3.000000
0.022389 -0.023164 0.033373 4.000000
-0.036883 0.118187 0.040579 4.000000
0.044091 -0.103089 -0.026096 3.000000
0.025956 -0.077317 -0.031402 3.000000
0.056873 0.092997 0.047678 4.000000
-0.030594 -0.020261 0.026609 4.000000
0.017212 -0.056250 -0.038249 3.000000
0.027680 0.005557 0.036310 4.000000
-0.072530 0.126872 0.036394 4.000000
0.028384 -0.055529 -0.040578 3.000000
-0.048178 0.054705 0.034863 4.000000
0.013274 -0.064734 -0.040873 3.000000
-0.001497 -0.098843 -0.030929 3.000000
0.019323 -0.158255 -0.029329 3.000000
-0.047758 0.048157 0.032996 4.000000
0.040260 -0.103101 -0.029876 3.000000
-0.123797 0.410944 -0.060188 1.000000
-0.031731 -0.026220 0.025450 4.000000
0.028284 -0.128803 -0.023798 3.000000
-0.008214 -0.077499 -0.034975 3.000000
0.042548 -0.066709 -0.035208 3.000000
0.005988 -0.092835 -0.029756 3.000000
0.058479 -0.004641 0.036243 4.000000
0.011630 -0.060976 -0.042090 3.000000
-0.012013 -0.081555 -0.034064 3.000000
0.009587 -0.102975 -0.027776 3.000000
0.015339 -0.140878 -0.038816 3.000000
0.017604 -0.077352 -0.035587 3.000000
0.018201 -0.145274 -0.036276 3.000000
0.019416 -0.160806 -0.028554 3.000000
0.168943 0.264045 0.078864 3.000000
0.022518 -0.143164 -0.037566 3.000000
0.042855 -0.059046 -0.040162 3.000000
-0.004695 -0.073735 -0.035291 3.000000
-0.011868 -0.060969 -0.039934 3.000000
0.023665 -0.061004 -0.043530 3.000000
-0.011845 -0.061048 -0.040642 3.000000
0.019098 -0.139179 -0.038981 3.000000
0.203137 0.265323 0.079181 3.000000
-0.000365 -0.033374 0.026859 3.000000
-0.012593 -0.083395 -0.036158 3.000000
-0.009974 0.006914 0.034164 4.000000
-0.034741 0.015331 0.030344 4.000000
0.016978 -0.076160 -0.036914 3.000000
-0.077517 0.403883 -0.024868 1.000000
0.013271 -0.144828 -0.036636 3.000000
-0.039822 0.122723 0.047926 4.000000
-0.028747 0.046779 0.035734 4.000000
0.033330 0.084948 0.045325 4.000000
-0.038356 -0.011447 0.027549 4.000000
-0.016893 -0.064437 0.017204 3.000000
-0.013785 -0.076839 -0.037449 3.000000
0.050883 -0.084698 -0.035471 3.000000
0.019366 -0.163402 -0.027973 3.000000
0.057917 -0.070692 -0.039434 3.000000
0.090423 0.008271 0.037330 4.000000
-0.022345 0.037650 0.032997 4.000000
0.020789 -0.063999 -0.035417 3.000000
0.113739 0.146279 0.047356 3.000000
0.022062 -0.119885 -0.022529 3.000000
0.026061 -0.075950 -0.030249 3.000000
0.029556 0.043323 0.040933 4.000000
0.007126 0.145376 0.051627 4.000000
0.126448 0.142358 0.046411 3.000000
0.027475 -0.073795 -0.036535 3.000000
0.124860 0.292875 0.082720 3.000000
-0.070767 0.096202 0.035276 4.000000
0.000617 -0.019693 0.029091 4.000000
0.038962 -0.059782 -0.041528 3.000000
-0.050514 0.000106 0.027930 4.000000
0.019224 -0.164686 -0.027659 3.000000
-0.047001 -0.019370 0.026944 4.000000
0.036483 -0.113010 -0.027053 3.000000
-0.006566 -0.034663 0.027365 3.000000
-0.038317 0.060338 0.039798 4.000000
0.059336 -0.072638 -0.038553 3.000000
0.020682 -0.147304 -0.034130 3.000000
-0.124619 0.327316 -0.008462 1.000000
-0.083274 0.082195 0.037267 4.000000
-0.001810 -0.009185 0.030771 4.000000
0.024541 -0.153134 -0.031517 3.000000
0.012758 -0.023669 0.030888 4.000000
-0.083417 0.334926 -0.011576 1.000000
0.004022 -0.062782 -0.039016 3.000000
-0.000914 -0.095808 -0.027790 3.000000
-0.009068 0.008734 0.033487 4.000000
-0.002367 -0.082586 -0.032860 3.000000
-0.004068 -0.021918 0.029345 4.000000
0.056867 -0.078305 -0.032540 3.000000
0.025651 -0.116068 -0.024099 3.000000
0.010155 -0.132864 -0.024673 3.000000
-0.132776 0.181270 0.040960 3.000000
-0.047080 0.001374 0.028358 4.000000
-0.152942 0.409628 -0.064043 1.000000
0.016005 -0.127667 -0.025708 3.000000
0.035509 -0.067205 -0.040546 3.000000
0.169495 0.247481 0.074748 3.000000
-0.021369 -0.068765 0.016055 3.000000
0.013672 0.007769 0.034471 4.000000
0.023014 -0.076212 -0.036909 3.000000
0.036131 -0.074830 -0.034582 3.000000
0.016217 -0.107622 -0.027767 3.000000
0.049680 -0.056581 -0.039707 3.000000
0.009573 -0.080392 -0.033576 3.000000
0.001661 -0.057033 0.021402 3.000000
0.020652 -0.146149 -0.034850 3.000000
-0.029591 0.147930 0.043258 4.000000
0.036028 -0.059700 -0.044463 3.000000
0.038008 -0.120765 -0.025044 3.000000
-0.175583 0.454337 0.095122 3.000000
0.121817 0.142492 0.046443 3.000000
0.009553 -0.120668 -0.024436 3.000000
0.014712 -0.147995 -0.034529 3.000000
-0.019282 0.119989 0.045135 4.000000
0.050579 -0.024515 0.028308 4.000000
-0.071975 0.330390 -0.011722 1.000000
-0.086103 0.079550 0.031259 4.000000
-0.079205 0.390873 -0.002188 1.000000
0.007392 0.093387 0.040211 4.000000
0.027196 0.108458 0.046169 4.000000
-0.148248 0.393969 -0.013487 1.000000
-0.027388 0.007767 0.033146 4.000000
-0.050021 0.045307 0.035292 4.000000
0.008450 0.111437 0.044958 4.000000
0.019402 -0.163403 -0.027955 3.000000
-0.029370 0.025347 0.030724 4.000000
-0.138483 0.388716 -0.066508 1.000000
0.016637 -0.153635 -0.031433 3.000000
0.042515 0.011492 0.035813 4.000000
0.024431 -0.072529 -0.039204 3.000000
0.025954 -0.077344 -0.031997 3.000000
-0.016477 0.003273 0.032851 4.000000
0.024812 -0.120076 -0.023167 3.000000
-0.028208 0.006164 0.028680 4.000000
-0.142120 0.401478 -0.028739 1.000000
0.004839 -0.063537 -0.033375 3.000000
-0.041117 0.150789 0.046172 4.000000
-0.029825 0.021820 0.032435 4.000000
-0.059725 0.059227 0.036151 4.000000
-0.076488 0.065848 0.031291 4.000000
0.043102 -0.105538 -0.028175 3.000000
-0.055073 0.110191 0.038651 4.000000
0.028204 -0.065771 -0.035959 3.000000
0.018904 -0.099571 -0.027339 3.000000
-0.072411 0.095207 0.042587 4.000000
0.040042 -0.065277 -0.040112 3.000000
-0.215020 0.446036 0.089154 2.000000
-0.086123 0.366439 0.000322 1.000000
-0.019500 0.072679 0.039985 4.000000
0.016851 -0.152283 -0.031801 3.000000
-0.114137 0.356844 0.024857 1.000000
0.002681 0.149330 0.045830 4.000000
0.034691 -0.075832 -0.033288 3.000000
0.046124 -0.080332 -0.037060 3.000000
-0.066569 0.101576 0.042365 4.000000
-0.011728 0.010015 0.032602 4.000000
0.042605 -0.072091 -0.033525 3.000000
0.019224 -0.164686 -0.027659 3.000000
-0.001473 -0.112851 -0.027758 3.000000
-0.013430 -0.072074 -0.032892 3.000000
0.022715 -0.094405 -0.030670 3.000000
0.002588 -0.114238 -0.025690 3.000000
0.010189 -0.143336 -0.037664 3.000000
-0.111060 0.131845 0.033261 4.000000
0.011221 -0.030243 0.032507 3.000000
-0.015944 -0.087518 -0.034134 3.000000
-0.022345 0.037650 0.032997 4.000000
-0.004428 -0.105449 -0.026964 3.000000
-0.012492 0.038428 0.036261 4.000000
0.031752 -0.104864 -0.026549 3.000000
0.017316 -0.061852 -0.040541 3.000000
-0.000145 -0.063422 0.018490 3.000000
-0.024969 0.075216 0.042479 4.000000
-0.041453 0.120775 0.043267 4.000000
0.013293 -0.131214 -0.042792 3.000000
0.016428 -0.054495 -0.045296 3.000000
0.049311 -0.098137 -0.030510 3.000000
0.019525 -0.130183 -0.025841 3.000000
0.043641 -0.029867 0.030482 3.000000
0.018693 -0.056562 -0.041204 3.000000
0.063802 -0.060456 -0.042162 3.000000
-0.019152 -0.058166 -0.043222 3.000000
0.060671 0.094259 0.046134 4.000000
0.004235 -0.122175 -0.024546 3.000000
-0.057553 0.119367 0.038818 4.000000
-0.010699 -0.071818 -0.039936 3.000000
0.052462 -0.069506 -0.033688 3.000000
0.016718 -0.154886 -0.030932 3.000000
-0.084119 0.099351 0.037944 4.000000
0.041024 -0.008015 0.034896 4.000000
-0.047049 0.051028 0.033814 4.000000
-0.110458 0.342456 -0.066737 1.000000
-0.007081 -0.103689 -0.026111 3.000000
-0.010787 0.046342 0.038751 4.000000
0.021713 -0.156075 -0.030148 3.000000
-0.013284 0.075645 0.042605 4.000000
-0.030839 -0.034161 0.023428 4.000000
-0.012366 0.149026 0.048019 4.000000
0.024832 -0.117302 -0.024189 3.000000
0.018630 -0.146261 -0.035243 3.000000
-0.058077 0.008047 0.030609 4.000000
0.093763 0.148425 0.054685 3.000000
0.026050 -0.076089 -0.033271 3.000000
-0.012477 -0.074778 -0.035821 3.000000
0.040892 -0.078874 -0.009419 3.000000
0.006675 -0.131289 -0.023835 3.000000
0.019294 -0.127576 -0.024942 3.000000
0.016216 -0.150047 -0.033223 3.000000
0.035889 0.018876 0.037062 4.000000
0.029211 -0.054673 -0.043732 3.000000
-0.093273 0.111582 0.038986 4.000000
-0.003321 -0.071232 -0.040663 3.000000
-0.111203 0.360255 0.065345 3.000000
0.007981 -0.060187 -0.043655 3.000000
0.037963 -0.036424 0.030793 3.000000
0.043735 -0.101501 -0.028210 3.000000
-0.060415 0.122177 0.041542 4.000000
-0.002443 0.013790 0.033904 4.000000
0.025821 -0.060543 0.018947 3.000000
-0.001460 -0.097360 -0.027328 3.000000
0.022971 -0.143159 -0.037391 3.000000
-0.023993 0.038634 0.037853 4.000000
0.008761 -0.067435 -0.037826 3.000000
-0.005647 -0.072672 -0.036012 3.000000
-0.048528 0.050603 0.033694 4.000000
-0.046300 0.009693 0.031164 4.000000
0.006762 -0.130096 -0.039211 3.000000
-0.007187 -0.102277 -0.028629 3.000000
0.002399 -0.094942 -0.029218 3.000000
0.007700 -0.057574 -0.044055 3.000000
0.020879 -0.058187 -0.043219 3.000000
-0.030347 0.053829 0.034613 4.000000
0.007365 -0.054459 -0.040705 3.000000
0.038625 0.009394 0.035057 4.000000
0.001533 -0.120378 -0.024111 3.000000
0.022869 -0.146667 -0.035365 3.000000
-0.022019 -0.067230 -0.037848 3.000000
0.031402 -0.110245 -0.025906 3.000000
-0.038896 0.128334 0.043027 4.000000
0.025628 -0.110578 -0.027762 3.000000
-0.079062 0.081473 0.035286 4.000000
-0.094985 0.110401 0.034745 4.000000
0.028461 -0.104342 -0.024480 3.000000
-0.122711 0.197955 0.044269 3.000000
0.076635 0.050282 0.039992 4.000000
0.021642 -0.145378 -0.036230 3.000000
0.015998 -0.094330 -0.028273 3.000000
0.002497 -0.117246 -0.023208 3.000000
-0.070349 0.100850 0.034485 4.000000
0.028964 -0.143525 -0.037400 3.000000
0.122042 0.143164 0.060071 3.000000
0.021392 -0.130453 -0.023503 3.000000
-0.015929 -0.058082 -0.040276 3.000000
-0.079573 0.141936 0.041899 4.000000
0.005102 -0.002260 0.033373 4.000000
0.169569 0.275457 0.078518 3.000000
0.014171 -0.114510 -0.025015 3.000000
0.017552 -0.153479 -0.031487 3.000000
0.113880 0.146742 0.045225 3.000000
0.294933 0.456388 0.082378 3.000000
0.022979 -0.060415 -0.039280 3.000000
-0.012228 0.056478 0.037001 4.000000
-0.005183 -0.110149 -0.025158 3.000000
-0.011558 0.088871 0.040875 4.000000
-0.028131 0.102598 0.042634 4.000000
0.018089 -0.067969 -0.035111 3.000000
0.027478 -0.080172 -0.032434 3.000000
0.136772 0.275454 0.078518 3.000000
0.040075 -0.096083 -0.030598 3.000000
-0.013452 -0.077725 0.011972 3.000000
0.014240 -0.102446 -0.026080 3.000000
-0.030477 -0.020600 0.027606 4.000000
-0.009493 -0.024908 0.027049 4.000000
-0.026203 -0.005283 0.029769 4.000000
0.000908 -0.103588 -0.026942 3.000000
0.029211 -0.054673 -0.043732 3.000000
0.030376 -0.005815 0.035775 4.000000
0.020856 -0.091681 -0.030786 3.000000
-0.060603 0.115431 0.039915 4.000000
0.014971 -0.115768 -0.025082 3.000000
0.035339 -0.104344 -0.028185 3.000000
-0.066863 0.027678 0.032878 4.000000
0.043667 -0.005008 0.033586 4.000000
-0.069592 0.037463 0.031442 4.000000
0.007636 -0.131092 -0.042572 3.000000
-0.192917 0.450324 0.107455 3.000000
-0.022020 -0.003395 0.031695 4.000000
-0.039881 0.023125 0.032855 4.000000
0.019476 -0.162100 -0.028219 3.000000
0.055305 -0.073525 -0.035309 3.000000
0.045503 -0.057545 0.018546 3.000000
-0.020568 0.022517 0.032660 4.000000
-0.056549 0.131639 0.041690 4.000000
0.020749 -0.155924 -0.030387 3.000000
-0.050568 0.187183 0.042133 3.000000
0.070817 -0.031693 0.030773 3.000000
-0.021055 -0.061776 -0.043412 3.000000
0.034787 0.110722 0.046781 4.000000
-0.030941 0.142808 0.046519 4.000000
-0.011231 0.060466 0.038167 4.000000
0.030796 -0.014501 0.032307 4.000000
-0.091649 0.136607 0.040690 4.000000
-0.005526 -0.012977 0.031719 4.000000
-0.043869 -0.003486 0.024281 4.000000
0.001954 -0.123090 -0.024042 3.000000
-0.036333 -0.019838 0.027898 4.000000
0.093889 0.013237 0.036441 4.000000
0.008743 -0.044137 0.027278 3.000000
-0.011916 -0.001879 0.029744 4.000000
0.035870 -0.060686 -0.042130 3.000000
0.058386 -0.067679 -0.036466 3.000000
-0.012603 -0.076345 -0.036895 3.000000
-0.031360 0.120822 0.045348 4.000000
0.017480 -0.147371 -0.034240 3.000000
0.018612 -0.157048 -0.029867 3.000000
0.014892 -0.030123 0.029286 3.000000
0.024124 -0.101094 -0.028647 3.000000
-0.045082 0.073230 0.038391 4.000000
-0.065864 0.032619 0.032958 4.000000
-0.041197 0.119571 0.036825 4.000000
0.035388 -0.059090 -0.040887 3.000000
0.017649 -0.145023 -0.035596 3.000000
0.018097 -0.157133 -0.029954 3.000000
-0.101812 0.105773 0.035637 4.000000
-0.002341 0.012945 0.036336 4.000000
-0.024432 0.055415 0.038322 4.000000
0.018591 -0.145033 -0.035749 3.000000
0.034740 0.080241 0.042140 4.000000
0.007271 -0.131510 -0.043206 3.000000
0.029104 0.109683 0.046500 4.000000
-0.010514 0.152305 0.046527 4.000000
-0.072160 0.088967 0.039049 4.000000
0.018620 -0.041805 0.026330 3.000000
0.000326 -0.106037 -0.037868 3.000000
-0.091806 0.107979 0.038117 4.000000
0.022393 -0.056083 -0.036027 3.000000
0.022060 -0.119905 -0.032959 3.000000
0.023214 -0.141762 -0.037463 3.000000
-0.033878 0.016945 0.034993 4.000000
0.016994 -0.149743 -0.032763 3.000000
-0.003680 -0.103731 -0.027359 3.000000
-0.066371 0.033794 0.033319 4.000000
0.025259 -0.110536 -0.027762 3.000000
-0.094031 0.083828 0.035889 4.000000
0.030276 -0.092483 -0.030259 3.000000
-0.002524 -0.113295 -0.028808 3.000000
-0.085386 0.108053 0.036171 4.000000
0.020319 -0.115685 -0.023735 3.000000
-0.136330 0.329610 -0.018491 1.000000
0.083080 0.006818 0.036784 4.000000
-0.110110 0.124316 0.035833 4.000000
0.015831 -0.107687 -0.025435 3.000000
-0.034284 0.013805 0.035274 4.000000
0.039016 -0.035388 0.028101 3.000000
-0.034133 -0.019690 0.025698 4.000000
0.000079 0.074406 0.042242 4.000000
-0.081789 0.078616 0.036327 4.000000
0.023257 -0.052676 -0.041691 3.000000
0.050369 -0.084400 -0.034396 3.000000
0.042202 -0.068162 -0.037086 3.000000
0.001032 -0.062007 -0.039811 3.000000
-0.080347 0.084691 0.037924 4.000000
0.039700 -0.073149 -0.037860 3.000000
0.003369 -0.017319 0.031181 4.000000
0.069820 0.030080 0.041013 4.000000
-0.020246 0.088085 0.044375 4.000000
-0.082744 0.130928 0.041524 4.000000
0.016570 -0.145070 -0.035422 3.000000
0.001331 -0.059524 0.020266 3.000000
0.033836 -0.077216 -0.035600 3.000000
0.018232 -0.080102 -0.036502 3.000000
-0.056434 0.131187 0.043716 4.000000
-0.067182 0.097347 0.041252 4.000000
0.001078 0.140174 0.043688 4.000000
0.024869 -0.102498 -0.029049 3.000000
-0.114960 0.129752 0.034926 4.000000
-0.075588 0.392543 -0.059148 1.000000
0.043946 -0.016702 0.033780 4.000000
0.036217 -0.077644 -0.035561 3.000000
0.027127 -0.125619 -0.028532 3.000000
0.026838 -0.131705 -0.043114 3.000000
-0.033076 0.119224 0.044940 4.000000
0.006044 -0.135765 -0.041212 3.000000
-0.003266 -0.102262 -0.031186 3.000000
0.001967 0.019264 0.035793 4.000000
0.027384 -0.067446 -0.039840 3.000000
0.016687 -0.152341 -0.031875 3.000000
-0.011923 -0.058150 -0.039532 3.000000
0.036441 -0.065779 -0.038682 3.000000
0.001816 -0.113083 -0.025997 3.000000
0.018363 -0.158320 -0.029359 3.000000
0.058584 -0.080695 -0.034707 3.000000
0.021894 -0.157513 -0.029892 3.000000
0.019800 -0.158339 -0.029540 3.000000
0.013341 -0.145537 -0.034788 3.000000
0.002548 0.063070 0.038928 4.000000
0.056377 0.102319 0.044510 4.000000
0.038435 -0.072950 -0.038516 3.000000
0.086445 0.051179 0.041895 4.000000
-0.027532 -0.012497 0.028345 4.000000
0.002018 -0.099263 -0.031803 3.000000
0.035061 0.115565 0.044005 4.000000
0.130325 0.146624 0.040734 3.000000
-0.147089 0.200254 0.039567 3.000000
0.040615 -0.069061 0.013580 3.000000
0.055298 -0.067798 -0.035124 3.000000
0.047031 -0.097136 -0.030091 3.000000
-0.023410 0.023251 0.037168 4.000000
-0.104022 0.361934 0.065643 3.000000
-0.111172 0.360131 0.057960 3.000000
0.016542 0.063956 0.042585 4.000000
0.002295 -0.076182 -0.034478 3.000000
0.030362 0.095299 0.048351 4.000000
0.024368 -0.118523 -0.025227 3.000000
-0.013273 -0.058911 -0.042377 3.000000
0.032262 -0.075445 -0.033312 3.000000
0.034929 -0.122505 -0.023702 3.000000
-0.017038 -0.080600 -0.032410 3.000000
-0.148301 0.394146 -0.066889 1.000000
0.047832 -0.028078 0.031254 3.000000
-0.103887 0.361362 0.018076 1.000000
-0.016503 -0.032508 0.027218 3.000000
0.027003 -0.121732 -0.031854 3.000000
0.007393 0.059874 0.041331 4.000000
-0.005559 -0.097341 -0.027328 3.000000
0.021256 -0.143880 -0.036224 3.000000
0.006784 -0.118664 -0.023658 3.000000
0.003129 -0.116973 -0.023838 3.000000
0.007728 -0.115565 -0.025407 3.000000
0.158363 0.166871 -0.064611 3.000000
-0.121537 0.370549 0.000538 1.000000
0.006044 -0.135765 -0.041212 3.000000
0.009044 -0.080832 -0.037583 3.000000
0.038228 -0.119400 -0.025273 3.000000
-0.051987 0.010193 0.027375 4.000000
0.033750 -0.060290 0.016520 3.000000
-0.037084 0.140983 0.043877 4.000000
-0.042861 0.100597 0.044044 4.000000
-0.023087 -0.071843 -0.035450 3.000000
0.024728 -0.148206 -0.034312 3.000000
-0.044795 -0.024209 0.021871 4.000000
0.019224 -0.164686 -0.027659 3.000000
-0.096697 0.119991 0.041014 4.000000
0.154953 0.260932 0.081176 3.000000
0.026561 -0.148746 -0.033842 3.000000
-0.006148 -0.002206 0.033393 4.000000
-0.031745 0.053102 0.036014 4.000000
-0.024608 0.041526 0.032630 4.000000
0.183902 0.296751 0.077018 3.000000
-0.054957 0.109763 0.040531 4.000000
0.052563 -0.075143 -0.032719 3.000000
-0.077676 0.249362 -0.031272 1.000000
0.019993 -0.076502 -0.039929 3.000000
0.018337 -0.116868 -0.026446 3.000000
-0.025517 0.078191 0.041555 4.000000
0.031716 0.013271 0.037827 4.000000
-0.091799 0.137014 0.038622 4.000000
0.020112 -0.107559 -0.026599 3.000000
0.005402 0.067535 0.038518 4.000000
0.024923 -0.074721 -0.033974 3.000000
0.006407 -0.131269 -0.041951 3.000000
0.036688 -0.064359 0.018063 3.000000
0.019672 -0.135809 -0.041191 3.000000
0.070248 0.037378 0.040503 4.000000
-0.136144 0.341030 -0.063160 1.000000
0.039830 -0.101557 -0.029932 3.000000
0.127141 0.144342 0.049122 3.000000
-0.045715 0.019492 0.028925 4.000000
-0.076192 0.065137 0.034460 4.000000
-0.014131 0.031345 0.035504 4.000000
0.018444 -0.098247 -0.028238 3.000000
0.007118 -0.079564 -0.035972 3.000000
-0.059424 0.007892 0.029249 4.000000
0.001672 -0.108912 -0.028145 3.000000
0.019270 -0.163402 -0.028001 3.000000
0.053846 -0.027574 0.033701 3.000000
0.017439 -0.144165 -0.036936 3.000000
0.023520 -0.064394 0.018047 3.000000
-0.038925 -0.009934 0.026904 4.000000
0.015304 -0.115740 -0.025080 3.000000
0.013039 -0.029800 0.028342 3.000000
-0.098577 0.113681 0.039492 4.000000
0.013238 -0.130904 -0.023558 3.000000
0.008096 -0.101881 -0.026922 3.000000
-0.048160 0.014644 0.027435 4.000000
-0.086915 0.411493 0.042290 3.000000
0.035356 0.000492 0.033125 4.000000
0.086603 0.032570 0.040382 4.000000
0.010362 -0.054013 -0.039230 3.000000
-0.001268 0.053740 0.041080 4.000000
0.016851 -0.152283 -0.031801 3.000000
-0.139383 0.406625 -0.063853 1.000000
0.013697 -0.113318 -0.023545 3.000000
0.041777 -0.116559 -0.026766 3.000000
-0.023823 -0.066710 -0.039255 3.000000
0.029088 -0.070335 -0.040132 3.000000
-0.134255 0.172092 0.039140 3.000000
0.033657 -0.095765 -0.029200 3.000000
0.014341 -0.146620 -0.034525 3.000000
0.036743 -0.074946 -0.034573 3.000000
-0.003266 -0.013921 0.031350 4.000000
0.002831 -0.110002 -0.025152 3.000000
-0.005820 -0.081146 -0.036969 3.000000
0.019224 -0.164686 -0.027659 3.000000
-0.060884 0.048509 0.036252 4.000000
-0.451861 0.887973 0.085593 3.000000
0.000579 -0.117991 -0.022957 3.000000
0.039901 -0.035504 0.028051 3.000000
-0.029347 0.015012 0.031597 4.000000
-0.031754 0.009680 0.032487 4.000000
0.007403 -0.131160 -0.042541 3.000000
-0.018267 -0.029641 0.026261 4.000000
0.065917 0.058276 0.040840 4.000000
0.020000 -0.075762 -0.032076 3.000000
0.054799 -0.069136 -0.036333 3.000000
0.021756 -0.119866 -0.022527 3.000000
-0.047378 0.032753 0.031529 4.000000
0.026447 -0.121449 -0.028921 3.000000
0.025286 -0.102608 -0.024388 3.000000
-0.011279 0.060822 0.041623 4.000000
-0.081240 0.102683 0.040710 4.000000
-0.062975 0.123754 0.037774 4.000000
0.266467 0.392268 0.074938 3.000000
0.015322 -0.119815 -0.024066 3.000000
-0.110848 0.343980 -0.063367 1.000000
-0.046598 0.125468 0.042336 4.000000
-0.018642 0.013458 0.031084 4.000000
0.002803 -0.012063 0.028505 4.000000
0.037003 -0.107590 -0.027378 3.000000
-0.130134 0.403241 -0.040361 1.000000
0.008109 0.046282 0.040317 4.000000
-0.139851 0.408313 -0.056121 1.000000
-0.183521 0.450155 0.103030 3.000000
-0.092653 0.115513 0.041959 4.000000
0.052652 -0.032303 0.031585 3.000000
0.021818 -0.075796 -0.032074 3.000000
-0.015944 -0.087518 -0.034134 3.000000
0.030429 -0.075238 -0.033938 3.000000
0.007811 -0.137718 -0.040297 3.000000
0.047130 -0.065632 -0.040068 3.000000
-0.041353 0.120305 0.045216 4.000000
-0.017023 0.018058 0.035376 4.000000
-0.038644 0.127066 0.042722 4.000000
-0.015475 -0.077783 -0.039751 3.000000
-0.149814 0.399192 -0.021046 1.000000
0.054039 -0.073092 -0.035974 3.000000
0.018800 -0.078414 -0.031944 3.000000
-0.038399 0.097601 0.043235 4.000000
0.008852 -0.129211 -0.023352 3.000000
0.038160 -0.102383 -0.027778 3.000000
-0.057295 0.052337 0.032591 4.000000
0.031953 -0.099482 -0.026449 3.000000
0.026527 -0.136573 -0.040833 3.000000
0.167886 0.261017 0.075035 3.000000
0.032395 -0.099580 -0.026007 3.000000
-0.104022 0.361934 0.065643 3.000000
0.014183 -0.054739 0.022447 3.000000
-0.030871 0.049369 0.034923 4.000000
0.059748 -0.012950 0.034129 4.000000
-0.045720 0.008150 0.031959 4.000000
0.047330 -0.030474 0.030220 3.000000
0.007704 -0.050286 0.024477 3.000000
0.034721 -0.067862 -0.035119 3.000000
-0.005469 -0.101597 -0.029500 3.000000
0.023094 -0.148907 -0.033533 3.000000
0.013005 -0.087028 0.006461 3.000000
0.015148 -0.144138 -0.036117 3.000000
0.009306 0.143401 0.048888 4.000000
0.006408 -0.113106 -0.026702 3.000000
0.012555 -0.064207 -0.035401 3.000000
0.020187 -0.054234 -0.043796 3.000000
0.029716 -0.057257 -0.042607 3.000000
0.028902 0.061240 0.041751 4.000000
-0.039855 -0.022388 0.026920 4.000000
0.032715 -0.062635 0.018849 3.000000
0.038530 -0.101165 -0.030380 3.000000
0.017007 -0.153513 -0.031306 3.000000
-0.133321 0.415360 -0.060437 1.000000
0.026934 -0.054846 -0.046009 3.000000
0.014895 -0.053746 -0.039258 3.000000
-0.001934 -0.117409 -0.025814 3.000000
-0.032840 0.022851 0.035602 4.000000
-0.060118 0.185067 0.049180 3.000000
0.000846 -0.096694 -0.027325 3.000000
-0.023722 -0.065101 0.016095 3.000000
0.141968 0.294908 0.079900 3.000000
0.058613 -0.079120 -0.033079 3.000000
-0.005814 -0.074501 -0.039582 3.000000
0.008524 -0.101803 -0.027350 3.000000
0.016540 -0.143773 -0.035771 3.000000
0.110951 0.144673 0.051448 3.000000
-0.042968 0.101056 0.042228 4.000000
0.021438 -0.129736 -0.043747 3.000000
0.043570 -0.030256 0.031405 3.000000
-0.066371 0.033794 0.033319 4.000000
0.040212 -0.033559 0.026782 3.000000
0.060451 -0.060525 -0.042153 3.000000
-0.005162 0.061970 0.040288 4.000000
-0.042458 0.098877 0.045511 4.000000
0.050081 -0.080049 -0.034761 3.000000
0.036712 0.084438 0.041503 4.000000
0.019640 -0.116913 -0.025142 3.000000
-0.000700 -0.118487 -0.023325 3.000000
-0.082620 0.080617 0.038644 4.000000
0.058954 -0.060164 -0.043658 3.000000
-0.028113 0.015309 0.031694 4.000000
-0.210158 0.445774 0.106456 3.000000
0.024820 -0.065658 0.017471 3.000000
-0.025015 0.058350 0.037548 4.000000
-0.129447 0.173694 0.041859 3.000000
0.003310 0.075095 0.040673 4.000000
0.016835 -0.132064 -0.042407 3.000000
-0.011219 0.007139 0.032924 4.000000
0.033142 -0.069424 -0.039593 3.000000
0.022019 -0.148629 -0.033389 3.000000
0.024990 -0.101170 -0.026481 3.000000
0.018150 -0.155845 -0.030346 3.000000
-0.014039 0.009221 0.033658 4.000000
-0.052490 0.132595 0.041914 4.000000
0.037356 -0.109139 -0.025491 3.000000
-0.006149 -0.104731 -0.029000 3.000000
0.022693 -0.133557 -0.042246 3.000000
0.047172 -0.065484 -0.038715 3.000000
0.025260 -0.138540 -0.039265 3.000000
0.047404 -0.038709 0.028719 3.000000
0.045409 -0.082573 -0.033423 3.000000
0.009151 -0.071060 -0.033590 3.000000
-0.018659 -0.031751 0.027532 4.000000
-0.085673 0.345907 -0.060006 1.000000
-0.080442 0.080072 0.038497 4.000000
0.040343 -0.012911 0.032941 4.000000
0.058649 -0.072504 -0.039846 3.000000
0.059924 -0.074662 -0.040812 3.000000
-0.060884 0.048509 0.036252 4.000000
-0.010284 0.065259 0.041274 4.000000
-0.019985 0.098158 0.043385 4.000000
0.045046 -0.079727 -0.034205 3.000000
0.023968 -0.053931 -0.040767 3.000000
0.019035 -0.148623 -0.034016 3.000000
-0.197520 0.450040 0.094270 3.000000
-0.017956 0.037144 0.037373 4.000000
0.026819 -0.092039 -0.030275 3.000000
-0.090752 0.134167 0.040137 4.000000
0.007413 -0.119778 -0.024986 3.000000
0.030390 -0.100538 -0.026906 3.000000
-0.103951 0.345920 -0.060007 1.000000
0.016115 0.100357 0.045922 4.000000
-0.017721 -0.059904 0.020093 3.000000
-0.002628 0.068247 0.038722 4.000000
-0.131141 0.197488 0.044177 3.000000
-0.047040 0.056356 0.035333 4.000000
-0.027471 0.023249 0.034313 4.000000
-0.011210 -0.085340 -0.031058 3.000000
-0.021555 -0.017798 0.027534 4.000000
-0.013555 -0.073701 -0.035294 3.000000
0.032204 -0.061072 -0.038492 3.000000
0.059165 -0.079457 -0.034226 3.000000
-0.072021 0.250644 -0.031283 1.000000
0.022265 -0.060474 -0.039993 3.000000
-0.065710 0.032262 0.034321 4.000000
0.038429 -0.118031 -0.025520 3.000000
0.035145 -0.060676 -0.042855 3.000000
-0.048410 0.011650 0.031824 4.000000
0.004195 -0.118045 -0.023604 3.000000
0.019052 -0.129679 -0.043774 3.000000
-0.026227 -0.013069 0.026964 4.000000
0.017932 -0.145230 -0.036137 3.000000
0.019051 -0.129570 -0.043535 3.000000
0.014056 -0.146553 -0.034130 3.000000
-0.068668 0.143732 0.042306 4.000000
-0.006250 -0.083739 -0.033341 3.000000
0.020890 -0.057472 -0.047076 3.000000
-0.001836 0.098311 0.045354 4.000000
-0.077924 0.064877 0.032713 4.000000
0.031201 -0.114372 -0.024320 3.000000
-0.245625 0.427130 0.098136 2.000000
0.127760 0.146115 0.040622 3.000000
0.000878 -0.117814 -0.023584 3.000000
0.014920 -0.147856 -0.034320 3.000000
-0.016377 -0.073728 -0.039054 3.000000
-0.107465 0.330753 -0.011710 1.000000
-0.022291 0.024280 0.030396 4.000000
0.291203 0.459427 0.074160 3.000000
-0.006505 -0.080940 -0.031819 3.000000
-0.014506 -0.011156 0.030030 4.000000
0.020037 -0.159601 -0.028979 3.000000
-0.008585 -0.080353 -0.034157 3.000000
0.004342 -0.115044 -0.027076 3.000000
0.016850 -0.148775 -0.033956 3.000000
-0.027170 0.132421 0.046160 4.000000
-0.033026 -0.022699 0.026800 4.000000
0.039028 -0.118381 -0.023951 3.000000
-0.085843 0.329615 -0.058974 1.000000
0.029111 -0.023838 0.030817 4.000000
-0.092733 0.328840 -0.011772 1.000000
0.037975 -0.075149 -0.033944 3.000000
-0.108310 0.115161 0.033822 4.000000
-0.012892 -0.054837 0.022403 3.000000
-0.024432 0.055415 0.038322 4.000000
0.042626 -0.063320 -0.041764 3.000000
-0.130568 0.182657 0.038777 3.000000
0.033744 -0.122177 -0.022792 3.000000
0.058165 -0.066298 -0.037945 3.000000
-0.045523 0.000740 0.031939 4.000000
0.013591 -0.144398 -0.035849 3.000000
0.007327 0.140229 0.050312 4.000000
0.036606 -0.107497 -0.025818 3.000000
-0.043288 0.086912 0.036677 4.000000
-0.025183 -0.012796 0.027063 4.000000
0.024039 -0.118626 -0.023338 3.000000
0.055537 -0.002354 0.032078 4.000000
0.009896 -0.048199 0.023521 3.000000
-0.007611 -0.102461 -0.026505 3.000000
0.038403 -0.118096 -0.024247 3.000000
0.037956 0.014485 0.036891 4.000000
0.056905 -0.081339 -0.034081 3.000000
0.041674 0.082605 0.046473 4.000000
0.019654 0.060950 0.043349 4.000000
0.047798 -0.100318 -0.028659 3.000000
-0.013274 -0.000840 0.030111 4.000000
-0.000319 -0.116692 -0.026768 3.000000
-0.079751 0.110039 0.036635 4.000000
0.164710 0.270916 0.074285 3.000000
0.002267 -0.123045 -0.023179 3.000000
-0.096517 0.345522 -0.070474 1.000000
0.168089 0.261602 0.078256 3.000000
-0.030409 -0.026920 0.028440 4.000000
0.030120 0.028132 0.035923 4.000000
-0.060861 0.089793 0.033730 4.000000
0.018758 -0.158331 -0.029543 3.000000
-0.000870 -0.051271 0.024028 3.000000
-0.006123 -0.109068 -0.026627 3.000000
0.019208 -0.163387 -0.027940 3.000000
0.015757 -0.148907 -0.033780 3.000000
-0.047749 -0.000216 0.027822 4.000000
0.011496 -0.127072 -0.024388 3.000000
-0.025773 -0.062271 -0.043336 3.000000
0.046906 -0.081802 -0.035183 3.000000
0.010219 -0.075257 -0.037009 3.000000
-0.099688 0.359497 0.061530 3.000000
-0.024610 -0.068502 -0.039043 3.000000
0.016086 -0.133528 -0.042260 3.000000
-0.003027 -0.114967 -0.026397 3.000000
-0.001355 -0.048535 0.024321 3.000000
0.262381 0.393292 0.079065 3.000000
-0.092211 0.377730 0.030698 1.000000
0.005224 0.140670 0.048210 4.000000
-0.008810 0.066232 0.043284 4.000000
0.023355 -0.144265 -0.036393 3.000000
-0.017084 0.152443 0.048844 4.000000
-0.019817 0.109840 0.046543 4.000000
0.057840 0.076576 0.041095 4.000000
0.017859 -0.146049 -0.034598 3.000000
0.023192 -0.094452 -0.031147 3.000000
-0.045465 0.018784 0.031457 4.000000
0.049721 -0.056438 -0.038231 3.000000
0.013585 -0.146768 -0.034330 3.000000
-0.044474 0.008410 0.028114 4.000000
-0.132691 0.342071 -0.063233 1.000000
0.013962 -0.133764 -0.042149 3.000000
0.043187 -0.104141 -0.028187 3.000000
-0.048883 0.024358 0.033253 4.000000
-0.052792 -0.000776 0.027632 4.000000
0.163137 0.159500 -0.081818 3.000000
-0.004656 -0.111326 -0.028852 3.000000
-0.015463 0.079226 0.043652 4.000000
0.017008 -0.077365 -0.035586 3.000000
0.027949 -0.060709 -0.039247 3.000000
0.022196 -0.062831 0.017923 3.000000
0.034409 -0.102772 -0.029888 3.000000
0.165553 0.283590 0.074033 3.000000
-0.015286 -0.081564 -0.035777 3.000000
-0.044248 0.106526 0.041693 4.000000
0.198852 0.280259 0.079677 3.000000
-0.063189 0.110229 0.040646 4.000000
0.000334 -0.116424 -0.027422 3.000000
-0.020291 -0.029528 0.031724 4.000000
0.012245 -0.032224 0.030540 3.000000
-0.129534 0.344131 -0.066866 1.000000
0.006318 -0.016242 0.032788 4.000000
0.024780 -0.034995 0.030380 3.000000
-0.007571 -0.077469 -0.036777 3.000000
-0.069077 0.065532 0.037948 4.000000
-0.046335 -0.020830 0.027518 4.000000
0.023964 -0.054023 -0.041522 3.000000
-0.005258 0.141052 0.043893 4.000000
0.023904 -0.119915 -0.023766 3.000000
-0.058052 0.045307 0.030639 4.000000
-0.011070 0.006298 0.031320 4.000000
0.015355 -0.099684 -0.027783 3.000000
0.201177 0.268894 0.080068 3.000000
0.056957 -0.037428 0.030336 3.000000
0.017689 -0.117022 -0.023842 3.000000
-0.045046 0.093989 0.040370 4.000000
0.030625 -0.028820 0.032035 3.000000
0.003862 -0.118102 -0.024248 3.000000
0.060572 -0.074865 -0.040157 3.000000
0.054739 -0.081646 -0.030649 3.000000
0.017299 -0.144175 -0.036932 3.000000
-0.043164 0.128823 0.043146 4.000000
0.048523 0.010696 0.035526 4.000000
-0.063684 0.200787 0.050025 3.000000
0.007455 -0.072977 -0.037879 3.000000
-0.050345 0.002879 0.028866 4.000000
0.027129 -0.125611 -0.027467 3.000000
0.027497 -0.094786 -0.030176 3.000000
0.008310 -0.063244 -0.035475 3.000000
-0.048033 0.014307 0.028670 4.000000
0.009345 -0.116604 -0.024797 3.000000
-0.000149 -0.115189 -0.027078 3.000000
0.165134 0.244159 0.076887 3.000000
-0.007993 -0.076097 -0.035701 3.000000
0.056143 -0.071408 -0.039344 3.000000
0.019943 -0.118383 -0.023315 3.000000
-0.012492 -0.058890 -0.043853 3.000000
0.010821 0.050661 0.040111 4.000000
-0.084896 0.400534 -0.055735 1.000000
0.036324 -0.066453 0.016302 3.000000
0.021897 -0.102287 -0.028203 3.000000
-0.017983 -0.034125 0.026547 3.000000
-0.029347 0.015012 0.031597 4.000000
0.050850 -0.023307 0.028791 4.000000
0.037956 0.014485 0.036891 4.000000
0.004181 -0.117998 -0.024240 3.000000
0.030279 -0.116800 -0.026117 3.000000
-0.027119 0.119378 0.042920 4.000000
0.006902 -0.042322 0.026103 3.000000
0.041697 -0.040597 0.028892 3.000000
-0.027966 0.137522 0.047428 4.000000
0.038563 -0.094203 -0.028274 3.000000
-0.025845 0.062540 0.037095 4.000000
0.030381 -0.100591 -0.030404 3.000000
0.040742 -0.110319 -0.028133 3.000000
-0.099406 0.115639 0.035933 4.000000
0.015863 -0.078545 -0.033116 3.000000
0.029370 -0.119329 -0.025889 3.000000
-0.019776 -0.027833 0.028068 4.000000
0.004171 -0.058840 -0.040186 3.000000
0.014863 -0.141887 -0.037594 3.000000
0.009089 0.095068 0.044454 4.000000
0.016180 -0.098312 -0.028238 3.000000
0.005808 0.060713 0.038239 4.000000
-0.098908 0.410328 0.054114 3.000000
0.030761 -0.054338 -0.039957 3.000000
0.009078 -0.063934 -0.042379 3.000000
0.050730 -0.058427 -0.040970 3.000000
-0.035262 0.075495 0.039020 4.000000
-0.092383 0.327294 -0.005103 1.000000
0.011116 -0.053956 -0.039236 3.000000
0.114346 0.148276 0.050100 3.000000
-0.107563 0.331139 -0.062466 1.000000
0.043917 -0.003371 0.032956 4.000000
0.033373 -0.076286 -0.039959 3.000000
0.059106 -0.079582 -0.035970 3.000000
0.033558 -0.102595 -0.024812 3.000000
0.049859 -0.076960 -0.032016 3.000000
0.022328 -0.058309 0.020820 3.000000
0.019457 -0.042551 0.028001 3.000000
-0.035296 0.037021 0.034310 4.000000
0.003227 -0.112618 -0.026338 3.000000
-0.028632 0.017284 0.029607 4.000000
0.071387 0.030629 0.038226 4.000000
-0.063668 0.092576 0.036261 4.000000
-0.011554 -0.056685 0.020674 3.000000
0.051174 0.090353 0.045021 4.000000
-0.035996 0.034220 0.033449 4.000000
0.051097 -0.030796 0.029002 3.000000
0.013486 -0.114567 -0.025361 3.000000
0.010057 -0.100226 -0.028661 3.000000
-0.005840 -0.078956 -0.041381 3.000000
0.018787 -0.075732 -0.031469 3.000000
-0.069238 0.080858 0.035130 4.000000
0.028856 0.102773 0.046593 4.000000
0.044469 -0.070157 -0.037542 3.000000
0.036018 -0.043996 0.025368 3.000000
0.035323 0.120205 0.047264 4.000000
0.011210 -0.117586 -0.025177 3.000000
0.002850 -0.072269 -0.037321 3.000000
-0.008368 -0.002524 0.033274 4.000000
0.038108 -0.067958 0.015629 3.000000
0.023128 0.009876 0.036579 4.000000
0.225940 0.347360 0.077536 3.000000
0.049299 -0.074638 -0.039564 3.000000
-0.010166 0.077403 0.037775 4.000000
0.029488 0.074908 0.042389 4.000000
0.022147 -0.064514 -0.040208 3.000000
-0.008521 -0.067327 -0.042562 3.000000
0.039862 0.009691 0.033824 4.000000
0.019224 -0.164686 -0.027659 3.000000
0.025421 -0.138651 -0.039429 3.000000
0.036661 -0.060309 -0.037853 3.000000
0.004998 -0.103900 -0.025702 3.000000
0.017962 -0.057092 -0.044880 3.000000
0.008523 -0.071219 -0.034861 3.000000
-0.234498 0.434864 0.091259 2.000000
0.044391 -0.079806 -0.037118 3.000000
-0.015539 0.031522 0.038527 4.000000
0.013632 -0.109152 -0.027765 3.000000
-0.002314 -0.056100 -0.042014 3.000000
0.005598 -0.068873 -0.034385 3.000000
0.009154 -0.113916 -0.024984 3.000000
-0.060257 0.094020 0.034750 4.000000
-0.047802 0.053480 0.034513 4.000000
0.026229 -0.064894 -0.041545 3.000000
-0.017624 -0.057862 -0.044757 3.000000
0.030661 -0.110073 -0.026273 3.000000
-0.010598 -0.078232 -0.034320 3.000000
-0.029174 0.024579 0.033324 4.000000
-0.029174 -0.010895 0.026566 4.000000
0.052867 -0.079685 -0.034792 3.000000
0.007636 -0.131092 -0.042572 3.000000
0.120001 0.144043 0.042377 3.000000
-0.049627 0.011227 0.031682 4.000000
0.040050 -0.061743 -0.044136 3.000000
-0.017983 -0.034125 0.026547 3.000000
0.029135 -0.063197 0.017759 3.000000
-0.063059 0.109793 0.042529 4.000000
0.020017 -0.157095 -0.029966 3.000000
0.030549 -0.115630 -0.023731 3.000000
0.099629 0.016441 0.037596 4.000000
0.025899 -0.059318 -0.040130 3.000000
0.057425 0.011726 0.035897 4.000000
-0.021834 0.110551 0.042722 4.000000
0.019663 -0.114324 -0.023971 3.000000
0.026492 -0.122933 -0.031162 3.000000
0.012849 -0.137447 -0.039973 3.000000
0.170577 0.259411 0.077712 3.000000
0.031263 -0.078164 -0.035514 3.000000
0.047436 -0.064548 0.016338 3.000000
0.028542 -0.031951 0.029583 3.000000
0.046618 -0.038183 0.027922 3.000000
-0.018822 0.014304 0.032719 4.000000
-0.039471 -0.001766 0.028539 4.000000
0.023914 -0.145563 -0.035684 3.000000
-0.003231 -0.096591 -0.030576 3.000000
0.147502 0.290629 0.085469 3.000000
-0.090039 0.098488 0.037729 4.000000
0.042817 -0.059218 -0.041602 3.000000
-0.052555 0.048100 0.037714 4.000000
-0.087474 0.078162 0.034440 4.000000
0.024289 -0.024023 0.031868 4.000000
0.001747 -0.103359 -0.026103 3.000000
0.002888 -0.112779 -0.024924 3.000000
-0.071713 0.328968 -0.008398 1.000000
0.006028 -0.076228 -0.040583 3.000000
0.000774 -0.077886 -0.034943 3.000000
0.054081 -0.080010 -0.032444 3.000000
0.014886 -0.110518 -0.023693 3.000000
0.060252 0.080902 0.044142 4.000000
0.007625 -0.063375 -0.036160 3.000000
0.048301 -0.099184 -0.031360 3.000000
0.043844 -0.079526 -0.035976 3.000000
0.039262 -0.039491 0.027347 3.000000
-0.072084 0.395001 -0.047815 1.000000
0.171647 0.262411 0.081555 3.000000
0.028098 -0.097556 -0.030534 3.000000
-0.056074 0.027698 0.032885 4.000000
0.030530 0.013783 0.036638 4.000000
-0.067586 0.098571 0.041574 4.000000
0.051404 -0.063775 -0.036820 3.000000
-0.015613 0.017449 0.033780 4.000000
0.032207 -0.098183 -0.029146 3.000000
-0.040468 -0.031303 0.021425 4.000000
-0.031059 0.031953 0.035700 4.000000
0.025419 -0.066898 0.016905 3.000000
-0.113412 0.211496 0.044293 3.000000
-0.075389 0.329969 -0.021858 1.000000
-0.004622 -0.099886 -0.030435 3.000000
-0.027403 -0.005203 0.028572 4.000000
0.033874 0.066564 0.041665 4.000000
0.042803 -0.017371 0.032328 4.000000
-0.051236 0.190550 0.045321 3.000000
0.019422 -0.155825 -0.030484 3.000000
0.010194 -0.113722 -0.024974 3.000000
-0.018015 -0.081474 -0.037507 3.000000
-0.010134 -0.005320 0.032223 4.000000
-0.025158 -0.067299 -0.039185 3.000000
0.020176 -0.159624 -0.028973 3.000000
0.016310 -0.140688 -0.038706 3.000000
-0.039746 0.047726 0.037599 4.000000
0.027485 0.028163 0.040337 4.000000
0.010870 0.094800 0.040583 4.000000
0.001744 -0.103350 -0.026521 3.000000
-0.110742 0.131121 0.037328 4.000000
-0.104022 0.361934 0.065643 3.000000
0.045767 -0.103776 -0.026944 3.000000
0.017978 -0.115569 -0.025742 3.000000
0.006280 -0.051628 0.023865 3.000000
0.031445 -0.102084 -0.026924 3.000000
0.025036 -0.061831 -0.039122 3.000000
0.030736 -0.111524 -0.024494 3.000000
0.013561 -0.019549 0.031441 4.000000
-0.022770 -0.021048 0.027433 4.000000
-0.007068 -0.103719 -0.030270 3.000000
0.026974 -0.054288 -0.042254 3.000000
0.036616 -0.081637 -0.033489 3.000000
0.047886 -0.065544 -0.037341 3.000000
0.002481 -0.111482 -0.025583 3.000000
-0.018169 -0.081129 -0.032952 3.000000
-0.016791 -0.079582 -0.038320 3.000000
0.018065 -0.102238 -0.027778 3.000000
0.008320 -0.015756 0.028302 4.000000
0.022398 -0.022751 0.032406 4.000000
-0.026575 0.025164 0.033513 4.000000
-0.075392 0.329982 -0.031975 1.000000
-0.011500 0.023639 0.034442 4.000000
-0.004828 -0.105621 -0.028980 3.000000
0.024294 -0.145700 -0.035779 3.000000
0.008301 -0.135004 -0.041569 3.000000
0.016700 -0.149856 -0.032951 3.000000
-0.016270 -0.077522 -0.034375 3.000000
-0.002210 -0.067126 -0.042593 3.000000
-0.134003 0.402213 -0.040338 1.000000
-0.018971 -0.065105 -0.042208 3.000000
-0.037955 0.046861 0.037333 4.000000
0.019390 -0.160804 -0.028555 3.000000
-0.004111 0.052206 0.040597 4.000000
0.017918 -0.094270 -0.026833 3.000000
-0.001823 -0.113000 -0.026700 3.000000
0.040101 -0.034253 0.031783 3.000000
-0.053135 0.187528 0.044700 3.000000
0.119192 0.141565 0.035258 3.000000
0.031513 -0.054419 -0.039948 3.000000
0.018787 -0.147486 -0.034739 3.000000
0.083703 -0.011036 0.031274 4.000000
0.010719 -0.080231 -0.033009 3.000000
-0.011195 0.072356 0.045166 4.000000
0.027008 -0.121705 -0.031561 3.000000
-0.025850 0.027914 0.034399 4.000000
0.033774 0.092789 0.041934 4.000000
0.013130 0.075512 0.040792 4.000000
-0.001941 -0.065115 -0.038069 3.000000
-0.046278 0.133468 0.044266 4.000000
-0.077924 0.064877 0.032713 4.000000
0.018743 -0.159562 -0.028990 3.000000
-0.097886 0.225969 0.047061 3.000000
-0.038468 0.081828 0.038971 4.000000
0.017937 -0.148624 -0.033889 3.000000
0.032469 -0.133123 -0.022950 3.000000
-0.120028 0.336906 -0.008088 1.000000
0.033111 0.114883 0.052012 4.000000
0.034710 -0.006116 0.031924 4.000000
-0.108162 0.363373 0.014625 1.000000
0.011942 -0.042355 0.027087 3.000000
0.019543 -0.155809 -0.030423 3.000000
0.035965 -0.115674 -0.025746 3.000000
-0.006145 -0.104740 -0.029408 3.000000
0.039780 -0.036260 0.029814 3.000000
0.016616 -0.134695 -0.041713 3.000000
0.017952 -0.056239 -0.038250 3.000000
-0.007099 0.096720 0.039185 4.000000
-0.016496 -0.028862 0.025502 4.000000
-0.090693 0.100064 0.036208 4.000000
-0.057560 0.184817 -0.078723 3.000000
0.056336 -0.081085 -0.034100 3.000000
0.042849 -0.095520 -0.027319 3.000000
-0.044578 0.001658 0.025939 4.000000
-0.009493 -0.024908 0.027049 4.000000
-0.017378 0.136807 0.045071 4.000000
0.030477 -0.129397 -0.024105 3.000000
0.056929 -0.059033 -0.040894 3.000000
0.023313 -0.069227 0.015844 3.000000
0.071000 0.091232 0.045272 4.000000
-0.012580 -0.081768 -0.034048 3.000000
0.018383 -0.092976 -0.030241 3.000000
-0.117647 0.207255 0.043482 3.000000
0.008320 -0.015756 0.028302 4.000000
0.015860 -0.060186 -0.037146 3.000000
0.106705 0.145826 0.051742 3.000000
-0.014608 -0.062089 -0.041935 3.000000
-0.084773 0.106455 0.037749 4.000000
-0.007068 -0.103719 -0.030270 3.000000
0.036330 -0.028135 0.029033 3.000000
0.039422 -0.102808 -0.029465 3.000000
0.015773 -0.127907 -0.023194 3.000000
0.026159 -0.136408 -0.040676 3.000000
-0.044265 0.011539 0.027799 4.000000
-0.035358 0.017389 0.032381 4.000000
0.026203 -0.122909 -0.031451 3.000000
-0.009287 0.026438 0.039729 4.000000
0.028692 -0.067737 -0.041149 3.000000
0.003509 -0.008627 0.034652 4.000000
0.051287 -0.080334 -0.032425 3.000000
-0.006995 -0.022356 0.029170 4.000000
0.030286 -0.110007 -0.025898 3.000000
0.016501 -0.113001 -0.024936 3.000000
-0.077865 0.110677 0.036785 4.000000
-0.050675 0.047287 0.032749 4.000000
-0.070833 0.036550 0.032667 4.000000
0.001803 -0.120176 -0.025618 3.000000
0.032654 -0.080780 -0.031253 3.000000
-0.000404 -0.112450 -0.028827 3.000000
0.020435 -0.110526 -0.021832 3.000000
0.010973 -0.040359 0.029000 3.000000
0.198685 0.271260 0.080656 3.000000
0.016719 -0.153645 -0.031514 3.000000
0.048301 -0.099184 -0.031360 3.000000
-0.004960 -0.064438 -0.038140 3.000000
0.056794 -0.065845 -0.038674 3.000000
0.024226 -0.099769 -0.028668 3.000000
0.016136 0.098571 0.047363 4.000000
-0.111505 0.346549 -0.063548 1.000000
-0.037184 -0.026160 0.027651 4.000000
0.026735 -0.121533 -0.029802 3.000000
0.010576 -0.093456 -0.028766 3.000000
-0.019563 -0.074747 -0.036443 3.000000
-0.011170 0.117820 0.046637 4.000000
0.195792 0.281415 0.079956 3.000000
0.015304 -0.115740 -0.025080 3.000000
0.016466 -0.140598 -0.038549 3.000000
0.009921 -0.092190 -0.027797 3.000000
0.011826 -0.142756 -0.037754 3.000000
0.034098 -0.104044 -0.026120 3.000000
0.007010 0.067161 0.040125 4.000000
0.023094 -0.118569 -0.023015 3.000000
0.037802 -0.065950 -0.037982 3.000000
-0.047580 0.005997 0.027336 4.000000
0.153654 0.277603 0.079036 3.000000
-0.020129 -0.075118 -0.037641 3.000000
0.063837 -0.060375 -0.041449 3.000000
-0.068632 0.051068 0.032238 4.000000
0.011456 -0.131495 -0.022011 3.000000
0.037494 -0.113492 -0.023910 3.000000
0.054367 -0.051831 0.023772 3.000000
-0.011736 -0.008599 0.028575 4.000000
0.020747 0.009909 0.036591 4.000000
-0.100183 0.397079 -0.063248 1.000000
0.017978 -0.147668 -0.035074 3.000000
-0.138598 0.419214 -0.064650 1.000000
-0.014520 -0.064652 -0.040190 3.000000
0.014389 -0.113155 -0.024944 3.000000
-0.031329 0.022346 0.034015 4.000000
-0.032273 0.020809 0.033508 4.000000
-0.001695 -0.010034 0.029252 4.000000
0.024584 -0.015844 0.032950 4.000000
0.000027 -0.095540 -0.027791 3.000000
-0.017867 -0.078678 -0.039029 3.000000
0.001816 -0.113083 -0.025997 3.000000
0.008103 -0.114066 -0.027410 3.000000
-0.133992 0.402173 -0.013279 1.000000
0.010382 -0.062993 -0.034798 3.000000
0.037238 -0.100745 -0.029089 3.000000
0.023516 -0.064479 -0.039519 3.000000
-0.052517 0.001668 0.029723 4.000000
-0.049084 0.146236 0.040649 4.000000
0.055537 -0.002354 0.032078 4.000000
0.170019 0.356906 0.083209 3.000000
0.024224 -0.099789 -0.029553 3.000000
-0.069545 0.117389 0.038355 4.000000
0.016453 -0.078606 -0.034291 3.000000
0.024149 -0.145724 -0.035922 3.000000
0.020478 -0.154672 -0.031003 3.000000
0.019211 -0.162092 -0.028239 3.000000
0.043394 -0.076596 -0.035656 3.000000
0.004497 -0.117889 -0.030944 3.000000
-0.001686 0.150380 0.046076 4.000000
-0.093094 0.111141 0.034913 4.000000
0.036831 -0.113140 -0.026351 3.000000
-0.077997 0.105169 0.041346 4.000000
-0.012546 0.007778 0.034474 4.000000
-0.188284 0.450466 0.107486 3.000000
0.015480 -0.140709 -0.038499 3.000000
0.018091 -0.068079 -0.036429 3.000000
-0.002424 -0.051508 0.023919 3.000000
-0.011517 0.015983 0.036043 4.000000
-0.000875 -0.111196 -0.028125 3.000000
0.048579 -0.065682 -0.036647 3.000000
0.018016 -0.158373 -0.029345 3.000000
-0.205780 0.446753 0.080670 2.000000
-0.198108 0.401943 0.088750 3.000000
-0.009694 0.005267 0.034882 4.000000
-0.031865 0.010057 0.031287 4.000000
-0.119158 0.333774 -0.059237 1.000000
-0.028996 0.029391 0.036338 4.000000
0.028388 -0.063744 -0.041705 3.000000
0.032578 -0.068717 -0.032426 3.000000
0.026593 -0.125518 -0.026665 3.000000
-0.006425 -0.079125 -0.041353 3.000000
0.033065 0.000257 0.034319 4.000000
0.037959 -0.022974 0.030047 4.000000
-0.041432 -0.018589 0.027237 4.000000
0.055921 -0.068141 -0.036424 3.000000
0.050737 -0.055682 -0.041314 3.000000
0.010923 -0.061030 -0.042082 3.000000
0.021835 -0.118481 -0.023006 3.000000
-0.010146 -0.097838 -0.030979 3.000000
0.073810 -0.018079 0.032040 4.000000
-0.037601 0.102651 0.040702 4.000000
0.034528 -0.120860 -0.024750 3.000000
0.007324 -0.076708 -0.034438 3.000000
-0.102342 0.106959 0.035915 4.000000
0.056093 -0.065662 -0.039379 3.000000
