1.427580 5.345280 1.602390
-0.633131 1.964970 -0.151412
-0.039407 0.222421 -0.081092
-2.201800 5.625550 1.438510
-2.336440 5.521040 1.371750
-0.095733 1.195560 0.038486
-0.279186 0.979685 -0.254504
-0.441116 2.075290 -0.188409
0.001955 0.087389 -0.021434
0.105779 1.165130 0.013663
-3.078960 12.392200 -0.530898
-0.271399 2.114940 0.963833
0.015704 1.799480 -0.040247
-0.226666 0.535615 -0.242156
-0.051659 0.220738 -0.078778
-1.993510 11.251900 -0.867023
0.446675 2.373900 -0.264571
-0.239693 2.757020 1.233820
0.939432 2.116210 -0.338725
0.154592 1.702790 -0.026471
-0.028127 1.108800 0.043262
-0.590326 1.604190 -0.046823
0.268597 5.407250 1.580870
-1.697380 3.724570 1.284740
-2.408940 8.035800 1.650880
-1.272280 6.414460 1.547380
0.340552 1.522370 -0.002906
-0.516438 1.722740 -0.073804
-1.421530 3.631980 1.197650
0.655144 3.128330 1.298790
0.201217 0.960816 -0.450271
-2.255950 5.134630 1.312980
-0.964813 2.323880 1.059060
0.108780 4.863690 1.530600
0.030815 0.339423 -0.115942
-0.888286 3.038320 1.213130
-0.525717 4.330430 1.427960
0.323816 1.495340 -0.002855
0.412452 1.904650 -0.068592
-0.343643 2.303670 -0.224989
-0.098389 3.056440 1.318090
-3.040720 21.381901 2.005890
-1.929780 10.892200 0.424981
0.434857 2.008110 -0.251570
-1.820780 5.164100 1.471640
-0.451479 2.276230 -0.300934
-1.778440 4.832840 1.412940
-0.014921 0.171628 -0.052165
0.038416 0.773375 0.093888
0.396617 2.278380 1.001030
-1.454070 3.190680 1.149500
-0.024020 0.361940 -0.143257
0.093485 3.202870 1.278830
0.005452 0.624775 -0.292791
0.697739 2.413420 -0.437097
-0.060655 5.172250 1.550520
0.737619 1.573980 -0.078185
-0.404383 1.537660 -0.013419
-0.884552 4.026320 1.388830
-0.975058 5.097840 1.490410
-1.451970 3.945680 1.330980
-4.071070 9.096990 1.293680
-1.317890 3.436020 1.291090
-0.027746 1.496060 -0.105025
0.106204 0.234909 -0.080241
-1.095320 5.153060 1.544770
-0.448855 1.273040 -0.019790
-1.942940 12.442900 0.400543
-0.046573 0.252824 -0.082529
-0.150393 3.854550 1.418440
-1.434600 3.740320 1.261710
-0.578595 1.883310 -0.196905
-0.744106 1.980320 -0.248088
-1.442690 4.695920 1.477800
-1.787180 7.878240 -1.151070
0.376962 3.605470 1.354760
-0.728987 1.900620 -0.133426
-0.159358 3.024940 1.231760
0.340396 1.429870 -0.022228
3.137830 10.853500 2.540050
0.075792 1.196350 0.054849
-0.378527 4.353940 1.402870
-0.882433 5.915530 1.555700
0.467682 2.025750 -0.295977
0.214995 1.545060 -0.013484
-2.216380 6.022930 1.540120
3.706720 9.751610 2.422880
0.383683 1.262350 0.040636
-0.835178 3.929200 1.325420
0.750862 1.859910 -0.130567
-0.711468 2.260790 -0.377692
-0.309817 0.679832 -0.312957
0.329157 2.252850 1.008190
0.168349 1.610190 -0.057988
-0.044900 3.828740 1.408940
0.010056 0.027583 -0.006170
0.002920 1.529610 -0.034211
-0.225324 1.178050 0.037922
0.094463 0.353697 -0.134445
-1.028720 4.140400 1.334070
-0.115648 0.376431 -0.146032
0.039180 2.520340 -0.385807
0.086940 0.462049 -0.197617
0.429471 3.628580 1.363440
-2.066680 11.219100 -0.710762
-0.685809 2.232290 -0.404292
-0.551752 2.041340 -0.255732
-1.565860 11.010900 0.429613
0.501006 5.518460 1.572630
0.763236 3.305940 1.372530
0.199062 1.786110 -0.100934
-0.004100 0.835170 0.089853
-1.068130 3.239200 1.242400
0.029682 1.909360 -0.199629
0.000000 0.000000 0.000000
-0.451319 2.450010 1.116530
0.752892 1.665290 -0.094107
-0.313975 2.010740 -0.141156
0.029589 1.013720 0.109063
0.121188 0.509063 -0.225984
0.069037 1.917000 -0.082127
-0.618462 3.490770 1.311660
0.329271 0.769870 0.066932
-0.214576 1.211120 0.005945
-0.737948 1.885440 -0.249270
-2.485790 5.554620 1.380100
0.691892 1.820220 -0.102862
-0.275815 0.749517 -0.345037
-0.796130 4.679060 1.507630
0.116863 2.352620 0.976743
-0.069812 0.648888 -0.304091
0.514671 1.693320 -0.026324
-1.889860 12.669000 0.148568
-1.469580 5.156860 1.431640
-0.457573 1.270090 -0.002425
-0.036547 0.362948 -0.137961
-1.163950 4.825030 1.410650
2.073540 7.172220 1.524500
-0.582809 2.156250 0.878028
-1.849510 11.337000 -0.873575
0.511119 1.723780 -0.085626
0.259979 1.200550 0.063246
-0.721393 2.467470 1.084110
0.076493 0.406527 -0.177158
-0.070505 6.012220 1.669100
-1.915330 12.839700 -0.462396
-1.488600 5.091630 1.526350
-0.231985 1.022630 0.053874
0.112825 1.012340 0.053331
-0.107924 0.399291 -0.177254
-0.166792 0.634225 -0.297219
-0.056323 1.228500 0.022784
1.172870 3.677850 1.410640
0.021973 2.517860 -0.403013
0.705663 2.321700 -0.404158
0.528434 1.925850 -0.227939
-1.072350 4.315990 1.358240
-4.517890 14.021700 2.980390
-1.705940 5.835050 1.534540
-1.506970 6.065250 1.595080
-0.872154 6.132870 1.568240
0.000000 0.000000 0.000000
-2.188840 6.955350 1.478410
0.889953 2.341280 -0.277109
0.057589 0.516727 -0.233617
0.129553 1.162430 0.029488
-0.206687 2.203190 1.004050
0.597282 2.065950 -0.201772
0.662198 1.673050 -0.048833
-0.804009 2.438230 -0.254924
-2.474070 7.678470 1.577470
-0.020891 0.172084 -0.048482
0.260418 2.200260 -0.139393
-1.483550 4.604320 1.414550
-1.845600 11.313000 -0.794180
0.282048 3.361020 1.341970
0.002639 0.029071 -0.006921
-1.472130 5.165830 1.396270
0.241689 1.929240 -0.148659
-1.241030 4.994920 1.423430
-0.010266 2.091370 -0.189870
-1.256540 6.821170 1.694780
0.510934 3.058340 1.294250
-0.805220 2.057320 0.937575
-0.205244 4.476710 1.544190
-2.145430 5.593580 1.389780
-2.484600 5.871150 1.458740
-0.114073 1.916540 -0.016725
-1.164240 5.869760 1.543670
0.607999 1.820420 -0.053134
-0.050932 2.746200 1.206570
-1.964050 6.551710 1.580490
0.119173 2.399130 -0.367252
-1.673980 6.365290 1.627670
1.878730 7.034530 1.798800
-3.256240 12.047300 -0.105135
-1.500700 4.768680 1.394180
-1.816200 5.041240 1.325780
-1.181330 6.667750 1.608480
-0.810063 1.951150 -0.271504
0.503454 2.114810 -0.264937
0.260487 3.380510 1.296600
-0.030471 0.225278 -0.076951
0.635059 2.141780 -0.268315
-0.331105 2.328290 1.061060
0.573953 1.574250 -0.121305
-0.232100 1.632100 -0.069921
0.004994 0.572256 -0.263435
0.798626 2.190490 -0.198868
1.332190 5.128120 1.652320
-0.544696 1.651840 -0.048214
-0.202042 2.759530 1.234940
0.309610 1.709510 -0.096605
0.086008 2.388240 1.049300
0.632134 1.936520 0.803989
3.911970 9.502910 2.429990
0.001845 0.029129 -0.006934
-0.860056 2.242350 1.021900
-0.137708 1.583960 -0.013823
0.491812 1.947640 -0.070140
1.711860 4.158440 1.498160
-0.308415 1.740780 -0.086471
-2.151720 5.726440 1.505980
0.302005 2.410710 -0.385863
0.241581 5.638980 1.648620
0.061054 2.091760 -0.175535
-1.987050 6.025930 1.584740
0.626223 1.492230 -0.074124
-0.050763 2.001130 -0.181677
-0.664296 2.162270 -0.285867
-2.433970 10.729400 0.418630
0.723834 2.217440 -0.186082
-0.129572 1.131750 0.044158
-0.233979 5.996860 1.708960
-0.548402 1.459480 -0.052560
0.627716 1.685910 -0.060715
-2.389690 6.105610 1.472870
-0.395397 3.453610 1.324640
-1.029290 3.270700 1.280130
-3.091440 12.442400 -0.703129
-0.653282 4.593790 1.445660
0.407239 3.080310 1.278860
-1.842120 6.464130 1.559360
0.080279 0.956646 0.344650
-0.468588 2.280890 1.039460
0.465465 1.425940 0.007000
-0.830703 1.822810 -0.165488
-0.066615 0.831920 0.095245
-0.387470 1.292530 0.041607
-3.622750 21.291800 1.997440
-0.701572 1.906500 -0.186199
-0.195255 2.942130 1.268790
-0.725693 3.939460 1.449680
0.052437 2.344530 -0.342552
-0.279412 0.980476 0.031562
-0.408545 6.156020 1.663900
-0.513119 1.630500 -0.047591
0.629401 2.234020 0.981538
-0.181462 1.216460 0.014265
-1.042740 9.692120 -1.892190
-0.646429 3.799230 1.339550
-0.134001 0.397243 -0.163529
-1.454050 3.249140 1.271690
-0.363288 2.050500 -0.271091
0.121509 2.150210 -0.165685
-0.441021 1.944100 -0.257025
-0.211032 1.483950 0.057899
-0.621802 3.509620 1.346120
0.304222 5.383460 1.653920
-1.805650 6.504060 1.568990
-0.043438 0.278182 -0.103576
0.766704 2.195500 -0.259855
0.286596 1.715500 -0.050072
0.762214 3.107570 1.290180
-0.458438 1.043420 0.026469
-0.626624 3.159250 1.236510
-0.161705 0.815268 0.121615
-0.774533 2.245430 -0.343724
-3.455500 8.012750 1.646150
-0.305849 0.683435 -0.308987
0.679461 1.824880 -0.103125
0.823721 3.358330 1.288090
0.797315 1.899930 -0.198643
-0.385782 1.756010 -0.087227
-2.174870 5.139250 1.426750
5.430400 12.940100 2.475050
0.838923 5.480390 1.561780
0.024106 1.077820 0.064153
-0.961829 2.149250 -0.269251
-0.556702 4.115770 1.482780
0.415477 2.486960 -0.380697
0.774929 1.882450 -0.132150
-0.414871 1.534920 -0.002930
0.206189 0.542441 -0.245242
-0.753337 2.233260 -0.248897
-0.043156 2.326920 -0.243286
0.119272 2.401120 1.016120
-1.234760 3.219300 1.135070
-1.881490 12.049300 -0.598533
-0.124689 1.158970 0.100759
-0.181352 2.264820 -0.190057
-1.246600 4.263910 1.373870
1.497870 5.316590 1.633370
-0.305627 1.437860 0.007058
-2.106660 6.857110 1.457520
-0.361725 1.823710 -0.053231
0.225690 2.485920 -0.345918
-0.928850 4.521250 1.422830
-0.019408 1.046470 0.083795
-0.773177 1.792870 0.773177
3.194110 7.468170 -0.780818
0.111575 1.974420 -0.098076
-0.093782 0.509101 -0.238582
0.184477 0.880880 0.004324
-0.259597 1.263610 -0.002412
0.142635 2.524040 -0.333697
0.264289 1.046620 0.033691
-0.343741 0.797080 0.058359
-0.425236 1.024240 0.046958
0.307000 1.035380 0.012142
0.285499 1.040490 0.047703
-0.041579 0.386471 -0.159095
-2.776590 6.319630 1.433610
-1.257250 5.722790 1.546810
0.153697 1.994620 -0.194806
0.890698 2.082540 -0.260894
3.555980 9.355030 2.392180
0.025854 0.142752 -0.038125
-1.164160 6.570860 1.632590
-2.315050 6.565930 1.583920
-0.019303 0.494720 -0.215592
-1.948320 12.477300 -0.193967
-3.099210 12.120000 -0.023137
0.345466 2.482680 -0.259571
-0.328084 1.401890 0.026000
0.223982 1.694170 -0.061012
0.111202 0.428061 -0.186543
-0.634014 3.441780 1.347090
-0.027633 0.227622 -0.070883
1.349710 5.345020 1.562680
-0.643313 1.996570 -0.099177
-0.101778 5.487820 1.645120
0.639666 3.828910 1.438710
-0.073975 3.988690 1.406350
-0.189672 2.368720 1.079490
-0.907556 2.027980 0.907556
-1.343450 5.407110 1.461480
0.215606 2.207600 0.916533
-0.108175 3.360460 1.368390
0.129186 1.159140 0.092817
-2.533810 5.987420 1.444360
0.000000 0.000000 0.000000
-0.065287 0.278968 -0.088963
-0.101030 0.406626 -0.164159
-0.767065 2.437450 -0.356129
0.475115 2.968320 1.208700
0.245276 2.701660 1.209040
0.285692 1.955360 -0.123877
-0.277935 0.755278 0.091691
-0.876648 4.948040 1.520150
0.736092 2.107840 -0.278673
-2.528570 6.209620 1.497960
-2.500240 10.683400 0.416835
-0.141159 1.401850 0.054696
0.008416 0.057599 -0.014545
-1.004280 5.063300 1.480310
0.379413 0.978026 0.044840
0.360003 2.154900 -0.151276
-1.025780 3.259540 1.224780
0.077763 1.227460 0.014394
-0.168736 2.834920 1.291950
0.069322 1.618110 -0.036190
0.003147 1.648480 -0.070623
-0.924704 4.076270 1.406060
1.050610 2.241860 -0.265341
-0.334768 2.354050 0.921356
-1.987780 5.290140 1.391240
0.004148 2.173010 -0.272228
-2.092420 6.494000 1.519790
-3.179840 12.091300 -0.435443
-0.084922 0.461007 -0.200900
-0.059080 1.288640 -0.002460
-0.290601 0.713653 -0.334442
-1.056780 5.327990 1.518350
0.237885 1.175810 0.029827
-0.360127 1.694260 -0.165471
-1.357320 4.313070 1.422240
-2.521540 11.477600 2.114300
0.823044 2.165260 -0.331452
0.148618 5.091750 1.602370
-0.668499 3.928940 1.325340
0.347477 2.497130 -0.382253
0.035782 0.197571 -0.061525
-1.726350 4.158150 1.277480
-0.894984 6.616720 1.740110
-0.181373 3.956050 1.486490
2.757730 9.788400 2.361280
-0.315422 1.435740 0.007048
0.018210 0.200577 -0.059473
0.866104 2.063850 -0.230016
1.537090 5.057170 1.591490
-0.384925 1.696820 -0.014808
-0.235455 2.940480 1.340050
0.260625 1.385110 -0.040429
-1.137450 4.448220 1.399850
0.066271 1.046060 0.062262
-0.095187 5.132400 1.576790
0.826648 2.267350 -0.284046
0.160905 1.156340 0.076741
-1.543850 3.648150 1.202980
1.357110 5.081440 1.675610
-1.108490 4.101120 1.290620
-0.136928 0.372097 -0.138543
0.550743 2.007160 -0.279297
-0.356090 2.387110 -0.282533
-0.236316 4.485760 1.513170
0.004278 2.240780 -0.203434
0.154212 0.885877 -0.037952
0.087772 2.437230 -0.322219
-0.112178 0.829347 0.072103
0.174629 1.003160 0.059709
-0.955579 5.393550 1.576860
1.070380 5.688610 1.579260
0.592768 1.660960 -0.150794
-0.083565 1.822690 -0.140448
0.195983 0.968693 0.057657
-2.658880 11.022100 -0.849311
-1.821360 6.075740 1.465670
-0.468350 2.131840 -0.178899
0.239636 1.812580 -0.077653
0.020036 1.288860 0.050288
-0.689096 1.628340 -0.080886
1.206590 3.696340 1.331670
0.703918 1.556970 -0.066702
-2.521640 5.634730 1.400000
0.004932 0.087278 -0.021407
1.974190 7.818070 -1.251380
2.996710 9.859470 2.307410
0.527477 1.654050 -0.116116
-1.031820 3.441970 1.266610
-0.107230 1.615760 -0.047161
-0.286254 0.761820 -0.307553
-1.418690 3.624730 1.222720
-0.360721 6.060450 1.682490
-0.569360 1.515260 -0.064916
2.278720 7.145560 2.142070
0.506331 1.751360 -0.159001
0.304720 0.740223 -0.340758
0.299968 4.272990 1.473920
-0.444968 1.114440 0.005471
-1.656490 4.802290 1.439610
0.039462 0.140067 -0.036387
0.451909 1.739570 -0.098304
-0.247064 2.157990 0.948132
-3.224930 11.931400 -0.104124
0.264290 1.077520 0.034686
-1.175890 4.350510 1.369100
0.214792 4.324070 1.524600
-0.226277 1.329890 0.051888
-4.062470 15.030100 -0.131166
0.217885 1.423370 -0.012421
0.359988 2.873540 1.239220
-4.985440 13.838100 2.941380
3.762580 8.965870 2.292660
-0.349208 1.825740 -0.065750
0.001354 0.087099 -0.022627
-1.452500 7.884990 -1.152050
0.385329 1.571000 -0.088778
-3.599490 21.155199 3.155760
-1.436610 4.458640 1.403130
-0.467764 2.276880 -0.269486
-0.456875 2.013990 -0.141384
-2.391580 12.503700 -0.706593
-0.746063 4.050050 1.304960
0.269297 0.723273 0.112938
-0.829326 4.036810 1.392450
-2.278030 5.939320 1.518750
0.478481 2.009910 -0.127333
-1.380060 4.971080 1.490210
0.638517 1.581630 -0.121873
-0.570605 1.951710 -0.163783
0.159476 0.916114 -0.014241
-0.588268 1.444660 -0.022458
0.459848 1.770130 -0.063748
0.788678 1.809780 -0.151872
-0.251443 4.772920 1.502030
0.362031 1.789430 -0.125619
0.213354 1.332940 0.015631
0.192546 1.456390 -0.052449
-0.483940 2.627100 1.154240
-1.394640 3.060270 1.197760
-0.501814 2.019700 -0.281043
0.240576 2.866820 1.282950
0.021835 0.439577 -0.191561
0.570967 1.386990 0.016265
0.092811 0.512453 -0.231684
-1.254650 4.291420 1.382730
0.006174 0.028513 -0.006993
-0.344911 1.242390 0.039993
-0.654572 2.079990 -0.203143
-2.742500 11.038000 -0.774880
0.125981 1.005620 0.115132
-0.614048 1.998710 -0.195205
-5.181150 13.788800 2.832790
-0.895730 3.143180 1.279910
-1.148910 6.484780 1.611200
0.000000 0.000000 0.000000
-0.011944 1.018520 0.053657
0.486730 2.405790 -0.418795
-0.211307 0.994122 0.086428
-2.412200 5.490260 1.364110
0.004141 2.169100 -0.301831
-0.623293 3.820590 1.288790
-0.536679 1.399240 0.064151
-0.065167 5.557010 1.624650
0.237613 2.132010 -0.252340
0.506372 3.031040 1.282700
0.328639 1.887880 -0.119602
-0.015462 1.318520 0.060450
0.022125 0.198522 -0.064803
-0.237071 3.983020 1.404350
-1.404980 3.384100 1.245310
0.607661 1.999260 -0.209029
-1.040600 4.313680 1.389900
-1.319110 6.205910 1.586910
-0.832625 3.451540 1.296920
-2.036500 5.775920 1.476960
3.171640 7.415630 -1.238870
0.406094 3.071640 1.299880
-2.287970 10.764100 0.346502
0.450743 1.893390 -0.119952
-0.823824 2.147880 -0.209774
0.546226 2.294480 1.045660
-1.912660 11.241200 -0.789140
-2.180370 5.251720 1.496610
0.013052 0.362425 -0.143449
-0.261523 2.284280 -0.223095
0.504960 2.331840 -0.259884
0.842116 2.261740 -0.283343
-1.136890 4.575770 1.405780
-0.957408 5.403870 1.539970
-0.625009 5.459160 1.515560
-0.098718 0.535896 -0.251139
-0.199348 2.292970 1.026140
-0.281711 3.240330 1.319470
4.421120 9.434060 2.207850
-0.625963 1.898290 -0.211565
-0.522121 1.659110 -0.048426
-0.266249 3.325040 1.353960
-0.553887 1.360230 0.062362
-0.096623 2.107500 -0.293260
-1.148410 4.907110 1.471040
-0.403473 2.190270 -0.320014
0.300360 0.744002 -0.336370
-0.103321 4.073010 1.436080
-0.274301 2.549590 -0.284152
0.009412 1.078460 0.056815
3.190710 9.340910 2.320840
-0.277065 1.504060 -0.043901
0.166405 0.884376 -0.013748
-1.553480 4.050250 1.305020
-0.601415 4.446340 1.432650
-0.494013 2.248650 -0.188701
-0.419812 4.169150 1.374780
0.133253 0.343492 -0.127893
-0.782863 4.092990 1.443130
-0.194678 2.933440 1.288840
0.106479 0.461210 -0.189862
0.002862 1.499030 -0.053984
-0.782972 2.430020 -0.371981
-0.189220 2.851200 1.252700
1.215720 3.724300 1.428460
-1.459260 5.398900 1.498830
3.450910 9.268390 2.370020
-1.446780 3.484760 1.202030
-0.751313 1.958830 0.892692
0.175091 5.998720 1.709490
-0.310690 3.311820 1.296220
-1.109160 4.464160 1.371490
-0.183475 2.505940 1.142020
-3.282520 21.021700 3.724440
-0.059407 0.439203 -0.184314
-0.642503 4.114690 1.356820
-0.552612 5.890600 1.678680
-2.454010 11.545200 1.802770
-0.863942 5.077610 1.409640
-0.095104 1.013760 0.060340
-0.659502 1.830590 -0.128509
0.119511 1.009740 0.080854
-2.237070 5.715660 1.420110
0.425783 1.054680 0.077219
-1.000330 5.043360 1.549430
-1.001510 6.713760 1.668090
0.084498 1.972350 -0.151980
-0.266507 1.013390 0.067254
-1.771230 5.250780 1.457710
-0.259340 1.108150 0.065957
-4.598430 13.945200 3.063660
-0.154034 1.431720 0.007028
-1.104120 4.317840 1.326540
-0.110308 2.827190 1.242150
-1.199280 4.826880 1.482920
-1.954830 6.066980 1.463550
-0.808503 1.806640 -0.052732
-0.257249 1.808940 -0.102224
-0.867498 6.100130 1.693510
-0.408939 1.159830 0.021511
-1.461650 3.734480 1.345420
-0.103218 1.734170 -0.097999
-0.849203 2.214050 -0.369885
0.249961 2.111910 -0.119345
0.080558 1.045460 0.055076
0.600003 4.311900 1.454520
-0.009113 0.283096 -0.098862
-0.825833 3.759040 1.354260
-0.514434 1.215620 0.005967
0.539117 2.018620 -0.211052
-0.030312 0.414001 -0.173738
-0.779287 2.259210 -0.220647
-2.175530 12.786100 -0.722551
-0.207907 0.711130 -0.327365
-2.288400 10.766100 0.273106
-1.133830 3.147180 1.158130
-0.100422 0.827193 0.106149
-0.880875 3.545350 1.277280
1.362450 3.817620 1.404850
-0.348922 1.082910 0.071867
-2.217440 11.179700 -0.861458
-0.157677 4.041250 1.518500
-0.680678 3.841930 1.384130
-1.834660 12.298900 -0.610931
-0.143446 1.791420 -0.101234
-0.725654 4.864540 1.458280
0.003202 1.677320 -0.094786
-2.333080 5.729540 1.340890
-1.818970 8.279590 1.818970
-0.609593 1.337630 0.006566
-0.605879 1.880390 -0.132005
-0.167423 0.814947 0.115893
0.123287 1.041640 0.047756
0.018646 1.199470 0.030427
0.106411 0.235366 -0.078610
-0.394200 3.443150 1.267050
-0.614744 2.000970 -0.167917
-0.137966 3.536060 1.411860
0.039361 1.348550 -0.048565
0.378513 2.863030 1.257900
2.477000 7.251490 1.749300
0.164450 1.811380 -0.201879
0.143285 2.535540 -0.230195
-1.041860 5.880530 1.589440
-1.490830 5.830150 1.533250
-0.014513 0.572122 -0.263374
-0.342387 3.938240 1.418820
-0.114968 0.403431 -0.162869
-1.280720 3.712900 1.309110
-0.558449 1.456000 -0.042498
0.142797 1.462100 -0.052655
0.657032 42.264801 -0.080682
0.182805 2.372380 -0.313647
0.069293 0.190059 -0.056355
-1.872740 6.405560 1.499090
-0.282815 1.988710 -0.071620
-1.781840 10.922100 0.277065
-2.389630 6.230280 1.502950
0.002445 0.029134 -0.006726
-0.118264 1.615270 -0.036127
0.006769 0.028432 -0.006769
-0.837217 2.427150 -0.253766
-0.592425 3.343810 1.282520
-1.444850 3.767040 1.270720
0.030602 1.048450 0.048068
-0.003866 0.058248 -0.013866
0.177013 0.940751 -0.072490
0.010533 5.517410 1.653990
0.496505 1.254430 0.048944
0.054461 0.859645 0.122250
-2.057000 7.821690 1.774350
-0.041599 0.443423 -0.179014
-0.272770 0.982535 0.024924
0.065446 1.317520 -0.047448
1.367760 3.598280 1.352060
-0.194945 1.058270 0.092005
-1.286560 5.856170 1.497480
0.021075 2.414960 -0.269147
0.259088 6.047630 1.634610
0.176094 1.580030 -0.024563
0.757958 1.994030 0.495434
0.478113 1.097130 0.087851
0.316559 2.274940 1.036750
-1.938970 12.417400 0.230297
-0.373552 2.195460 -0.320773
0.374041 1.727270 -0.097609
0.845032 2.134990 -0.252692
0.035445 0.339018 -0.115803
0.391706 1.936100 -0.135916
-1.183630 5.568560 1.586900
-0.596131 1.850140 -0.155259
-0.757616 1.975270 -0.247455
0.183267 1.876480 -0.131730
-0.990082 2.253470 -0.376469
0.572446 4.113860 1.482090
-2.653750 10.680800 -0.311753
-0.240895 1.780970 -0.100643
-5.348200 13.664500 2.807260
-0.462176 2.103740 -0.162105
-0.261725 3.943710 1.420790
-0.543528 1.769170 -0.184972
-0.536238 3.026680 1.280850
0.350164 1.427630 -0.012459
0.121671 0.646629 -0.292347
-0.314697 1.586610 -0.089660
0.005811 0.028722 -0.006425
0.039384 1.349330 0.015824
-0.280175 2.071370 -0.202301
4.283000 9.303880 2.311640
0.003239 0.029060 -0.006709
-1.506260 7.875100 -1.150610
0.242907 1.052150 0.019513
0.071146 1.975570 -0.111640
0.677536 2.229160 -0.217712
-1.808130 4.619730 1.419280
-1.618840 4.693140 1.406890
-0.854116 4.157470 1.402430
-0.544782 1.652100 -0.036951
-0.151305 0.854008 0.068384
-0.135082 1.553750 -0.034751
-1.303780 5.247480 1.495400
-0.021602 0.471180 -0.193966
0.610660 5.479220 1.561440
-0.815809 1.790130 -0.224261
0.000000 0.000000 0.000000
0.387958 2.142100 -0.238737
0.242277 1.083050 0.020087
-0.817811 3.722520 1.369850
-1.397410 6.160040 1.575190
-0.294529 1.805370 -0.052695
0.044219 1.977070 -0.098208
-1.141630 5.755780 1.513690
0.025943 0.143243 -0.036171
-0.092437 0.483280 -0.222476
-1.245820 4.737220 1.420110
0.189405 0.970165 -0.054825
0.151528 1.669040 -0.117168
-0.410973 1.029300 0.061264
0.014435 0.172018 -0.051005
-1.139730 4.457120 1.369330
-2.442630 11.491700 1.955280
-0.122359 0.347034 -0.129212
-0.242748 2.256310 -0.220363
-2.001660 6.846530 1.504130
0.024764 0.390886 -0.151639
3.259320 9.333260 2.386610
0.589150 5.286220 1.584690
-1.238290 4.345250 1.432850
-0.432822 1.742020 -0.134233
2.406880 6.892250 1.269630
0.628053 1.555710 -0.087914
-0.815292 5.221250 1.487930
-0.244598 1.719980 -0.097197
-1.255080 3.720670 1.311850
0.697784 1.913900 -0.108155
0.091903 1.012290 -0.084949
0.048586 1.349120 -0.002575
0.096468 1.707070 -0.026537
-1.629300 4.830030 1.376440
2.658890 6.994970 1.437050
0.372625 0.980298 0.051643
-0.027270 2.325440 -0.259171
1.492330 4.909900 1.582010
-0.326879 1.709000 0.008389
0.118574 2.387070 1.048780
0.488156 1.258340 -0.028144
-0.688825 3.887920 1.341090
-9.646040 24.158800 2.765900
0.040107 1.793250 -0.150485
-0.031180 0.169262 -0.052709
0.000000 0.000000 0.000000
0.052075 2.328340 -0.227398
-2.459270 5.597390 1.390720
0.094823 1.496740 0.027759
-0.191398 4.174720 1.408250
-1.393620 3.633450 1.225660
0.007995 0.028379 -0.005540
-0.267326 3.651200 1.429050
-0.898717 2.343150 -0.228844
0.566233 1.323910 0.015526
0.198260 1.424790 0.065322
-0.146972 2.789840 1.248510
-2.017670 4.859850 1.456870
-0.084332 0.565331 -0.264933
-0.881599 2.346230 -0.261488
-2.933660 12.161100 -0.023215
-0.484803 1.701210 -0.061266
0.095851 0.208216 -0.071123
1.013470 2.282980 -0.333560
-2.509690 5.608030 1.393370
-0.783025 2.374600 -0.313939
0.091299 0.728780 -0.341531
0.054842 6.284260 1.698570
-2.318290 5.923180 1.386200
-1.356540 4.113840 1.325510
0.915388 2.140270 -0.238534
-0.147695 0.612249 -0.281846
-0.484301 2.007610 -0.140936
-0.083786 0.731834 -0.336896
0.352029 1.394080 -0.078780
0.006538 0.420592 -0.159873
1.409910 3.634370 1.393970
0.362612 1.110850 0.058521
0.475913 2.529280 1.152660
-0.084293 0.592735 -0.277776
-1.461070 4.331310 1.363060
-0.377217 2.129120 0.970294
0.258606 6.036370 1.675800
0.860721 2.132030 -0.222910
-0.627133 1.901840 -0.172663
-0.126477 0.455578 -0.191186
1.546180 4.965150 1.562530
0.011140 0.057063 -0.014824
-1.889800 6.005090 1.535560
0.000000 0.000000 0.000000
0.314320 1.405110 -0.021843
-0.002827 0.575807 -0.255614
0.890462 2.606860 1.188010
-1.997060 12.789400 -0.635297
-0.286550 1.920930 -0.174396
-0.822698 5.785100 1.606050
-2.855320 11.492100 0.448387
-0.693608 4.877350 1.534900
-1.189620 6.991720 1.686630
-0.036609 3.121770 1.321100
-2.369710 11.148600 -0.859062
0.231466 3.003890 1.271210
-2.125030 5.540410 1.497510
-0.926910 4.511800 1.453740
-0.082569 2.564990 1.168930
0.078272 2.173430 -0.257242
-0.116067 0.453902 -0.201497
-0.775771 6.390170 1.587700
-0.383380 1.543030 -0.013466
-0.198037 1.213910 -0.010594
-0.137697 1.583830 -0.024622
0.098438 0.401334 -0.178161
-0.194625 2.658230 1.167920
-3.175320 7.363070 1.512680
-1.858410 4.845270 1.380780
0.378749 1.544170 -0.013476
1.731050 7.057520 1.856030
0.196907 0.518021 -0.229961
0.030847 1.379210 0.034987
1.606220 4.225620 1.425410
3.143040 7.489570 -0.783056
-3.578580 21.032200 1.539900
-0.320180 3.412980 1.282430
-0.224832 1.023400 0.067918
-0.572158 1.255490 -0.028080
0.211936 2.750430 1.253440
0.166040 1.489820 -0.053653
-0.282404 1.104390 0.012951
-0.178258 1.092670 0.080001
0.140525 6.283020 1.698230
-0.514577 1.149850 -0.025717
-0.909638 5.575800 1.630150
-0.462566 1.861740 -0.079759
-2.666240 6.677690 1.371870
0.000654 0.029224 -0.006747
0.086241 2.394730 0.956157
-0.698976 1.590900 -0.089902
0.730850 1.962900 -0.151252
-1.966690 6.103770 1.560800
0.101576 0.729973 -0.336039
-2.814520 6.526420 1.480520
0.024200 1.556690 -0.098621
-0.559639 1.228010 -0.035843
-0.038209 0.333734 -0.129468
-0.140959 1.161100 0.029454
-0.963541 3.768100 1.328570
-1.083700 6.642780 1.650460
0.480933 4.315230 1.488490
0.260121 1.780350 -0.051965
0.000000 0.000000 0.000000
0.906473 2.245360 -0.203850
-5.546190 13.620200 2.798160
0.254880 1.070650 0.297232
-0.640677 1.741020 -0.134155
-0.607276 2.025760 -0.253781
0.064518 2.210430 1.007350
-0.405094 1.287240 -0.037572
0.093229 3.194080 1.300640
0.625080 1.678830 -0.175526
-1.700000 7.997870 1.643090
-0.024508 2.089910 -0.204112
-2.151800 5.972760 1.440830
-1.054850 5.515030 1.531070
0.330677 1.432320 -0.002734
-0.554103 1.895270 -0.146041
-1.992830 4.991110 1.385620
-0.010062 0.115736 -0.030066
-0.390533 1.132180 0.075138
0.004024 0.028921 -0.006885
-0.397909 6.685260 1.661010
-1.146230 4.240770 1.430530
0.774992 1.653730 -0.116093
-0.532360 2.024290 -0.169873
-0.332396 1.675850 -0.071795
0.175256 1.094930 0.050199
-0.242066 2.784320 1.246030
1.968310 6.986410 1.888350
0.002233 1.169920 0.013720
0.086807 2.974070 1.282570
0.145324 0.693923 -0.325196
0.140145 1.670030 -0.117238
0.637048 1.489480 -0.002843
-0.773108 6.368230 1.674760
0.870097 5.435990 1.589270
-0.120451 1.283950 0.032570
0.078812 1.586590 -0.067972
-0.235339 1.328320 0.051827
0.000857 0.029351 -0.006147
-2.657350 6.525870 1.480390
0.018808 0.522254 -0.227591
0.814698 1.835230 -0.091162
-0.852727 6.645070 1.651030
0.036068 2.320170 1.057360
0.755000 6.026660 1.673110
-0.155266 1.939040 -0.136122
-0.607113 3.426710 1.314320
-1.850020 12.401900 0.145437
-0.880919 5.641540 1.524840
-1.086830 4.020990 1.448640
-0.103957 1.973310 -0.125015
-1.981740 5.874850 1.417210
-1.266330 5.957630 1.610280
-1.568090 4.648570 1.393530
-1.519250 7.943020 1.631820
0.041171 0.490616 -0.221812
-0.903975 2.264040 1.013200
0.242666 2.177350 0.903975
0.701490 1.808260 -0.201530
-0.622340 3.253740 1.247980
-0.061487 1.167160 0.053511
-1.417840 4.203170 1.291310
-0.244450 1.807250 -0.151660
-0.908530 5.127990 1.537250
0.714875 5.706370 1.710640
-0.295115 1.035580 0.082923
0.311023 2.128740 -0.193262
-0.952369 5.375430 1.531870
-0.058428 1.497490 -0.064154
-0.023435 0.143649 -0.036274
-0.796599 2.309400 -0.289314
-0.778342 3.661810 1.291100
-0.565152 2.954750 1.203180
0.542604 2.350270 -0.294435
0.037567 2.416540 -0.252656
0.946179 2.131410 -0.193504
-0.512942 1.754480 -0.087151
-0.049659 0.834312 0.084011
-0.059470 2.344360 -0.342528
-1.619530 3.755420 1.295390
-1.268440 5.591510 1.552310
-0.035737 0.332174 -0.134102
-1.363160 6.872640 1.657910
-1.333430 4.138400 1.271410
0.284920 0.630203 -0.290111
-0.126880 1.584530 -0.035439
-3.091430 12.089600 -0.187940
-1.213080 3.516820 1.267000
-2.788760 6.589890 1.542230
-2.282820 6.618060 1.548830
0.300825 1.800670 -0.126409
-2.205980 7.740950 -2.295270
-0.090902 1.527240 -0.013328
-0.119354 0.429921 -0.176981
-0.685611 3.869780 1.394160
-1.030860 3.617380 1.331160
-0.470366 1.608850 -0.112943
-0.430072 1.681870 -0.118069
2.893100 10.268900 2.329500
0.482657 1.759020 -0.147612
0.364247 1.485050 -0.053481
0.209542 2.145510 -0.135924
-0.240582 1.981720 -0.234552
-0.028319 2.414880 -0.269139
-0.060866 5.190240 1.594560
0.032416 0.310043 -0.108272
0.070600 0.189617 -0.056223
0.325435 2.033180 -0.212574
-0.070024 2.175310 0.938101
-0.572692 1.353280 -0.039499
-0.009580 0.144358 -0.039610
-1.565150 4.639860 1.425470
-2.305320 6.538340 1.577260
0.216098 0.809138 0.064791
-1.127080 4.059830 1.400390
-0.537113 1.400370 -0.021770
5.396690 12.618000 2.502730
-0.321229 3.190130 1.273740
-0.280965 0.763511 -0.308236
0.407253 1.660380 -0.037136
0.186260 1.907120 -0.120821
-0.610186 4.090480 1.442240
-0.552981 5.894540 1.550180
0.126586 5.659800 1.696680
-0.298362 1.315240 0.060300
-1.008560 2.213080 -0.369722
-0.572453 1.736020 -0.086234
0.072677 2.489950 -0.381155
-0.949866 4.187190 1.444320
-0.105493 3.277150 1.334460
0.551174 5.271730 1.541250
-2.515090 5.943200 1.519740
-0.096025 2.094460 -0.118359
-0.159450 3.026690 1.305260
-0.208951 2.075090 -0.245604
0.162381 2.107330 -0.263999
-2.766670 6.070910 1.508370
0.075814 1.196690 0.046691
0.087606 2.432610 -0.355422
-0.624968 1.396520 0.006855
0.544853 1.933920 -0.056447
-0.422652 1.563710 -0.024309
-0.183209 2.760620 1.235430
-1.174670 3.918500 1.292130
-0.641338 5.282820 1.466610
-0.216896 1.894490 -0.224227
0.433336 1.716070 -0.014976
-0.223976 1.129220 0.433115
-0.239294 1.206450 -0.010529
-3.236060 7.794500 1.546000
0.249515 1.080770 0.042168
2.173030 6.978130 1.683350
-2.705150 10.887700 -0.169256
-0.188744 2.357120 -0.410323
-0.523480 6.537470 1.719270
-4.795400 13.902200 2.955010
-1.424380 3.125510 1.174410
0.011519 1.319930 0.006479
0.495418 2.965470 1.207540
0.545611 1.300140 0.006382
-1.451700 5.370930 1.491070
-5.652570 13.615000 2.604130
0.395923 1.663120 -0.037197
-1.156280 3.427780 1.287990
-0.960250 2.107080 -0.337263
-0.476104 1.916230 -0.147656
0.218231 2.832130 1.290670
-1.344690 2.950650 1.178120
0.585598 4.008010 1.413160
0.267694 1.323140 -0.011547
-2.280010 6.195850 1.405530
-0.487318 2.292650 -0.350953
0.669181 1.535580 -0.128862
0.083918 1.195400 0.062975
-0.546327 1.266840 0.032136
-0.340827 2.519780 1.148330
-2.446850 11.137600 -0.781870
-0.219732 1.148810 0.029142
0.113051 1.610390 -0.135140
-0.026871 0.834753 0.089808
-1.421170 3.490070 1.311400
-1.668700 7.850610 -1.092420
-0.800926 4.707250 1.516710
-1.256810 6.336460 1.620300
-0.375198 1.137820 0.067724
-0.479010 4.757050 1.497040
0.027053 0.385361 -0.164818
0.097285 1.071570 0.093161
0.379119 1.419540 0.045696
-1.886740 5.995380 1.576700
0.540290 1.777610 -0.088300
0.730614 1.774800 -0.051803
0.248357 2.228420 -0.187003
1.779310 7.046290 1.853080
-2.036010 11.052600 0.506729
0.579468 2.294770 1.026950
0.833470 1.912570 -0.239600
0.849005 2.103010 -0.234381
0.550299 1.363110 -0.002602
-1.131250 3.140030 1.179870
0.635827 2.256830 -0.345469
-0.498366 5.732360 1.591410
1.253210 5.109360 1.569710
-0.072167 0.830087 0.106521
1.762900 4.939710 1.517590
-0.696796 5.429940 1.587510
-1.780500 5.278270 1.465350
-0.258513 0.982989 0.085460
-0.337087 1.182860 -0.010323
-0.020378 1.737740 -0.086320
-2.209520 5.426100 1.426990
0.244013 2.189440 -0.274285
-0.838784 2.328220 -0.275563
-0.136748 0.396442 -0.163199
-0.623014 1.591790 -0.046461
-0.484886 1.063980 0.041513
0.301632 1.161100 0.029454
0.251555 1.721720 -0.003287
-0.596088 5.919760 1.556820
-0.104707 0.377163 -0.152264
0.155792 0.332439 -0.131580
0.954099 2.616930 1.192600
0.370534 1.109420 0.028143
0.319382 0.706428 0.085761
-0.152202 2.889120 1.245930
-1.992200 6.645630 1.555280
-0.766225 1.881680 -0.183775
-0.689455 1.726760 -0.050401
-0.315011 5.979570 1.529040
-0.107614 0.398143 -0.180004
0.108853 0.431074 -0.180903
0.203951 2.430380 -0.321315
2.936730 9.662140 2.400650
-1.105280 3.430330 1.235840
0.252043 1.203510 0.030530
-1.249140 3.467230 1.275910
-0.701213 1.722030 -0.050262
-0.401372 2.023600 -0.169815
-0.084045 0.734089 -0.331888
1.195330 3.661850 1.433220
-0.043528 2.346990 -0.326585
0.335651 0.831417 0.077997
0.220329 2.859360 1.303080
0.730724 1.775070 -0.039701
-1.126020 5.887130 1.505400
-1.778040 6.239290 1.505120
-0.959493 2.267300 1.033270
-0.292840 2.165000 -0.151985
-0.385509 2.468860 -0.326401
0.101206 2.362340 -0.411232
2.039050 7.052890 1.803500
0.237149 3.077630 1.327230
4.018090 9.051340 2.314520
-0.559011 2.464230 -0.342899
0.016831 0.115198 -0.029089
-1.713780 6.516620 1.619110
0.233907 6.495080 1.708120
-0.019991 1.077910 0.064158
-2.272890 5.692540 1.455640
0.487970 2.113630 0.877522
0.197636 2.355130 1.034750
0.038404 2.470390 -0.309483
0.590116 5.644190 1.650140
-0.052081 0.517212 -0.233836
0.305811 2.441090 1.112470
-0.538565 1.527480 -0.034163
0.382644 2.112760 -0.235467
3.779430 9.006040 2.368470
0.431003 1.529820 -0.044652
-0.897599 2.340230 -0.260819
-0.396135 2.150440 -0.121523
1.218600 3.733130 1.402730
-0.053757 0.222845 -0.071065
-0.829470 3.902350 1.405890
-1.830240 12.269300 -0.609459
-0.423864 1.929350 -0.135442
-0.659938 4.640600 1.495240
-0.240370 5.242890 1.610730
0.054608 0.413045 -0.170034
1.104360 3.724510 1.341830
-2.729430 8.277260 1.700490
0.255584 1.749290 -0.086894
0.165505 5.670310 1.657780
0.662298 1.673310 -0.037425
-0.328837 4.491330 1.379840
-0.223238 2.567750 -0.411000
-0.293570 1.254410 0.066084
-1.199520 4.561140 1.401280
0.379241 1.419990 0.026336
-1.067570 4.296760 1.320060
-0.006185 1.259940 -0.010995
-0.361018 1.820150 -0.127776
-0.392201 1.845160 -0.116896
-0.103256 1.734790 -0.086173
-0.899736 4.536210 1.393620
-1.027280 5.000360 1.461910
-0.506217 1.347220 -0.048517
-1.143690 4.348860 1.401240
0.002876 0.057902 -0.015464
0.403649 3.621790 1.389140
-0.632552 1.616160 -0.124534
-0.635690 2.990690 1.241650
-0.309781 1.619610 -0.058327
-0.053919 0.736436 -0.332949
0.796649 3.450670 1.405120
-2.157790 6.696880 1.663900
0.028112 1.256920 0.083416
-0.142130 0.451638 -0.189532
-1.904360 4.676700 1.436790
0.046227 0.599916 -0.271227
1.209300 3.316890 1.350640
2.323710 6.957450 1.829710
-0.095356 1.436840 -0.002743
0.166505 0.852867 -0.042365
0.335003 2.005260 -0.168276
0.767658 1.939500 -0.242974
-1.066320 4.054670 1.367750
-0.834991 2.177000 -0.197644
-0.595008 2.394790 -0.333237
0.533433 1.432680 -0.061378
-0.677376 1.730680 -0.074145
-0.047327 0.222656 -0.076056
-0.333303 3.552860 1.334990
-10.666200 23.404900 2.679590
-2.433300 10.726500 0.491776
0.052055 27.268900 -0.237972
-0.528348 1.272600 0.075746
-0.211165 1.484880 -0.023083
-0.094916 1.011760 0.087961
-0.305300 0.970133 0.077682
0.309541 1.159020 0.029401
0.064078 1.133920 0.098582
-0.287074 2.122370 -0.280593
-1.138860 4.330490 1.460790
2.057600 4.390630 1.481080
0.651557 4.256390 1.500740
-0.362987 2.225000 -0.340597
0.789353 1.745940 -0.122566
0.039166 0.281465 -0.096144
0.512270 2.446100 -0.323392
0.267703 1.323190 -0.002526
-1.941370 5.388670 1.456500
0.022679 0.171540 -0.049594
-0.631010 1.491090 -0.053698
-1.282370 3.801560 1.340370
-0.367776 1.730250 -0.062311
-0.189974 1.335870 0.043003
-4.589240 13.917300 3.057530
-0.065946 0.442080 -0.174976
0.650933 1.994110 -0.099055
-1.398220 3.304010 1.190330
0.408365 3.088820 1.257780
-0.169667 2.556570 -0.302590
-0.163749 2.467390 -0.292035
-1.246830 6.518750 1.525580
2.207800 7.089780 1.710290
0.317970 3.789090 1.394350
-1.520810 4.612010 1.348370
-0.619243 2.421660 -0.320161
-0.544341 5.059570 1.516740
-1.683600 6.584040 1.635860
0.306520 1.033760 0.061530
-0.440479 1.148420 -0.002192
-0.900759 5.521370 1.492370
-0.131696 1.403820 0.006891
0.797584 6.032830 1.630610
-0.830275 6.138320 1.569630
-0.889415 5.962330 1.611550
0.482962 1.129220 0.067211
0.484537 1.387500 -0.031033
-1.132770 5.156180 1.393660
-0.640741 2.085590 -0.189345
-0.471501 1.135670 0.028809
0.437930 2.164580 -0.226313
-0.176817 2.970700 1.281120
-2.590910 6.362720 1.443390
-0.297129 4.992050 1.496500
-0.026560 0.362754 -0.140726
-0.265093 5.782120 1.690470
0.004351 0.087591 -0.020222
-0.809875 4.396450 1.483040
-2.478510 5.538340 1.456510
-1.585420 4.400650 1.319210
0.200836 8.979640 -1.187170
0.325313 1.185590 0.038165
-0.480287 1.826280 -0.078240
-0.984482 4.792040 1.544040
2.580850 7.078820 2.017290
-0.052044 1.135180 0.090898
-5.258400 13.709800 2.914100
-0.067860 1.288130 0.015106
-3.345260 8.057510 1.655340
0.592958 1.697970 -0.072743
-2.580330 10.696400 -0.385210
-0.641978 2.141520 -0.253466
-0.337077 1.182830 0.013871
-2.293630 11.164400 -0.860280
0.718841 1.649530 -0.048147
0.034566 3.960870 1.396540
0.054329 2.429090 1.107000
-0.482781 1.258710 -0.071131
-2.156250 10.871200 -0.614338
-1.775800 5.148180 1.467100
0.544127 1.461410 -0.042656
2.369360 7.094120 1.457420
-2.067040 12.670300 0.234987
-0.923210 4.202280 1.417540
-1.263290 3.432940 1.263290
-0.878413 4.958010 1.486290
2.802280 10.212800 2.537460
-1.259480 4.536720 1.427700
-0.123855 0.759193 0.129175
-1.427040 5.426300 1.546360
-1.754250 5.851860 1.538960
-0.216729 0.801843 0.125207
-0.463086 5.326560 1.596780
-0.831117 3.345080 1.230960
-0.400779 2.456660 -0.393218
-0.339740 1.054410 0.069976
0.312191 1.950430 -0.136922
-0.030971 0.466671 -0.203369
1.540100 5.067060 1.556720
-0.600751 2.004000 -0.181937
-0.631227 2.400230 -0.201421
-2.171630 6.027810 1.454110
-0.038108 0.332853 -0.131744
0.566265 1.323990 -0.002527
-0.459909 1.009180 0.046268
-0.389882 2.200600 -0.260459
-1.344220 7.027910 1.543980
-0.563274 2.741780 1.160290
-0.344978 1.520730 -0.044387
-0.003884 0.058518 -0.012672
-0.769440 1.688380 -0.130099
-2.220980 10.810800 0.274241
0.159248 0.914805 -0.051696
-0.863355 4.873010 1.460810
0.630093 2.909690 1.278400
-2.395070 7.989520 1.584690
0.599214 1.375020 0.016125
-0.610196 2.386280 -0.365285
0.279725 0.630122 -0.295296
0.003876 2.030340 -0.198294
0.571001 5.461360 1.637190
1.872430 7.010930 1.894980
-0.168631 2.833170 1.221800
-1.368450 3.427340 1.261230
-0.300743 1.285060 0.023833
0.654175 2.051350 -0.172144
-1.778450 11.389400 -0.721551
-0.357935 0.952585 0.069744
-0.058762 0.733842 -0.337821
-0.104736 1.759660 -0.159755
-1.279210 3.203820 1.129620
-0.506246 2.304340 -0.225054
-0.870505 2.316710 -0.274200
0.220104 2.424390 -0.354221
0.391517 1.935170 -0.149115
0.809291 2.219740 -0.186275
-1.883190 5.844650 1.537060
0.591213 2.341280 1.066980
0.000000 0.000000 0.000000
-0.827055 2.979110 1.236840
-0.110496 0.408806 -0.152211
0.613829 2.430850 -0.254152
0.466376 1.795260 -0.138335
-1.740640 4.936790 1.443330
-3.264180 12.076600 -0.023054
-0.529115 3.720670 1.340440
0.020818 0.419088 -0.162580
-0.670563 2.081150 0.914372
-0.171075 1.967750 -0.138138
-0.083695 2.145100 -0.239071
-0.477066 3.717650 1.368060
-1.371430 4.357900 1.371430
1.201060 3.679420 1.382540
-0.623370 3.518470 1.322070
-0.429217 1.119060 0.058954
-1.382920 3.034550 1.187700
-0.305224 1.345490 -0.030093
0.046211 0.138361 -0.034938
-2.021190 4.868320 1.423310
0.909989 3.407270 1.360440
0.003646 0.029103 -0.006302
0.468114 2.027620 -0.282145
-1.848100 6.321270 1.479370
-1.278770 3.626840 1.362790
-0.232123 1.023240 0.039924
0.094523 0.565796 -0.260461
-1.063990 4.045800 1.395550
-0.445402 2.328670 -0.372731
-0.594911 2.707920 1.145960
0.352517 1.396020 -0.021702
-2.296690 5.640180 1.360600
-0.375029 2.298810 -0.224515
-2.609720 6.051510 1.459820
2.040340 7.057370 1.907530
-0.754851 1.890550 -0.132718
0.589468 2.269090 -0.347346
-0.355814 1.793910 -0.064604
-0.217141 0.803366 0.114247
1.125350 4.588100 1.478320
-1.497930 4.759860 1.426900
-1.330890 3.144920 1.230900
0.566034 1.862310 -0.117982
0.572735 1.981040 -0.179853
-0.007650 0.115269 -0.032475
0.379176 0.977416 0.058176
-0.113794 2.482040 1.131130
-3.100040 8.424240 1.611300
-10.616600 23.723200 2.388800
0.169927 2.420580 -0.404387
-0.227435 1.234650 0.107339
-3.128690 20.973600 3.421650
0.568284 2.071080 -0.230822
0.324726 3.105850 1.240090
-2.717580 10.937700 -0.468586
0.427346 2.454900 -0.375790
0.422199 2.162580 -0.270921
0.721015 1.936490 -0.122682
0.239274 1.809840 -0.127052
0.775469 3.161610 1.312610
0.668154 2.046870 -0.171768
-2.592450 6.759080 1.581830
-0.242794 2.792690 1.227000
0.050104 2.240230 -0.203384
0.102824 6.614320 1.739480
0.370735 1.605830 -0.079767
-1.980320 12.682300 0.321715
-1.697220 5.031390 1.508290
-1.724560 7.849850 1.724560
0.016664 1.909520 -0.199646
-1.170200 5.158460 1.470030
0.069046 4.441500 1.566010
-0.923161 2.062850 -0.301396
-0.293048 1.654040 -0.025713
0.009279 0.414855 -0.174096
-0.276173 2.041780 -0.199411
-0.036484 0.284307 -0.088535
-1.215840 3.957530 1.334980
0.616538 1.691050 -0.014758
-0.688231 2.040250 -0.171213
-0.928887 5.948730 1.521150
-1.904720 12.768600 -0.721559
-1.280630 6.024870 1.584460
0.373200 1.911600 -0.094956
-1.566890 4.257960 1.371950
0.023020 0.113783 -0.030388
-0.673210 1.951680 -0.150388
0.330091 2.496760 -0.399637
-0.188205 0.715644 -0.329443
-0.390217 0.939891 0.068815
-2.044890 12.534600 -0.708334
-0.381647 2.154120 0.911598
0.718684 1.780200 -0.027674
-0.383656 1.691230 -0.141924
-0.991665 6.973250 1.631950
-1.057610 5.741310 1.509890
-0.563585 1.259360 -0.028167
-1.294770 3.242790 1.193310
2.915620 9.833130 2.514430
0.321527 2.100420 -0.147452
-0.478423 1.484820 -0.002834
0.129039 1.674620 -0.037454
0.041991 1.438640 0.046311
0.611001 1.871780 -0.208610
0.202675 1.213170 0.005955
-0.255813 2.107180 -0.176829
-1.537110 3.564310 1.256720
0.008709 0.389376 -0.157195
-1.925000 10.865200 0.349759
-0.672135 1.948570 -0.190308
-0.479960 2.184690 -0.243483
0.661190 1.575550 -0.067499
-0.598625 1.661610 -0.116646
0.170299 0.940300 -0.091835
-2.206870 5.022920 1.431410
-0.615942 1.785660 -0.064307
0.018665 0.435688 -0.200567
-0.448333 1.079870 0.042133
1.127240 5.205450 1.560470
-0.101084 1.003870 0.149750
-1.130880 6.646450 1.603340
-0.965814 5.049510 1.551320
-1.447420 3.420270 1.285170
-0.016270 0.417006 -0.168349
0.539969 2.078550 -0.231655
-1.672570 11.212400 0.284427
0.290627 4.139940 1.491490
0.798582 4.244130 1.463960
0.531893 1.592550 -0.057352
0.154462 2.438130 -0.288571
0.008109 0.362550 -0.143498
0.001443 0.029053 -0.007336
0.104290 2.434330 -0.338739
0.320497 1.769610 -0.075813
0.094619 2.627350 1.175790
3.442830 9.858750 2.378250
0.414550 2.381400 -0.248982
-0.008109 0.086439 -0.023718
-0.555269 2.171480 -0.197142
-0.218088 1.026020 0.047040
0.117101 2.357410 -0.214023
-0.790064 1.798220 -0.250223
-0.755935 2.402090 -0.401298
2.297590 6.879230 1.364460
-0.092363 0.619172 -0.290165
-2.164070 4.748620 1.388310
-2.215440 6.567640 1.584330
0.390434 1.006440 0.032398
0.111095 1.223690 0.056102
-0.841275 3.708500 1.393470
0.026834 0.226722 -0.074008
-0.259058 1.013090 0.095041
-0.356969 0.950014 0.102209
-3.607910 21.204599 2.281330
0.140746 1.123480 -0.480508
-0.616215 2.343140 1.048600
-0.010295 0.172972 -0.048732
-0.268029 1.716490 -0.097000
-0.080374 2.059970 -0.187019
-0.949445 3.167180 1.264580
-2.560390 5.618250 1.395910
2.062560 7.134240 1.567340
-0.636166 1.421540 -0.090059
-0.932917 3.754810 1.295180
2.533410 10.328800 2.343090
0.159841 2.523030 -0.333563
0.654301 1.959050 -0.137527
-0.399058 1.476410 -0.043094
-0.229920 5.892810 1.635950
-4.404160 13.994800 2.974690
-1.734540 4.431720 1.361520
0.021500 0.114265 -0.029684
-0.488250 1.480660 -0.053323
0.374879 1.233390 0.048123
-0.094655 1.796740 -0.052443
0.182953 0.972318 -0.035016
-1.677970 6.044150 1.501720
0.073922 2.052630 -0.257147
-1.074610 5.618310 1.601080
-0.349525 1.762210 -0.111641
-2.207980 10.747500 0.419336
-0.914805 2.203430 -0.260794
-0.522925 2.234440 -0.264463
0.057697 1.976720 -0.098191
0.373410 1.912670 -0.068881
-0.261447 2.153590 -0.299673
-0.328133 2.307390 -0.209481
-1.103050 7.064120 1.704100
-1.557410 3.979160 1.312130
0.304472 1.681130 -0.072022
-0.049826 0.281229 -0.091801
-1.922700 11.300200 -0.793282
-1.665900 4.829570 1.447790
0.190172 1.818910 -0.065504
0.032403 0.386126 -0.162040
-0.132749 0.454058 -0.190548
0.095591 0.857699 0.110064
0.445402 2.201510 1.003280
1.341810 5.313760 1.672240
0.758466 1.955130 -0.110485
-0.626210 5.158200 1.469960
-0.893472 5.043000 1.511770
-2.220050 10.806300 0.421628
-0.907246 5.332120 1.598440
-1.233930 4.444700 1.432120
-0.749891 2.382880 -0.331579
0.016705 1.914250 -0.147504
-1.030030 3.810850 1.343650
-0.027333 5.568250 1.586810
-0.300111 2.011840 -0.155023
-0.050028 0.252227 -0.082334
0.300163 0.715260 0.081889
0.250231 2.756240 1.233470
0.660576 1.544490 -0.024010
-0.414451 1.718050 -0.097088
-0.085166 0.462328 -0.197736
-2.541600 11.568900 1.244650
0.011455 0.392448 -0.149175
0.160866 0.854939 0.010026
-0.241536 0.767514 0.093177
-0.181192 3.044200 1.337500
-2.964460 6.504910 1.429080
-2.452610 11.538600 1.640910
-0.468112 2.447400 1.115350
0.148684 1.522380 -0.034049
0.004070 0.029247 -0.005297
0.370584 1.109570 0.020578
0.081548 1.287200 0.023873
-1.054610 3.901800 1.345880
0.601638 1.406690 -0.012276
-0.238554 0.795771 0.124259
-0.117102 1.764500 -0.075594
0.330076 1.975770 -0.165801
-0.127147 2.413520 -0.252340
0.159981 2.525240 -0.316353
0.399109 1.194980 -0.018577
-0.474205 2.158490 -0.210810
-0.044050 0.282099 -0.092085
3.039280 9.999520 2.340190
0.165481 0.913701 -0.051634
-1.006320 2.290420 -0.302811
-1.814610 5.631790 1.563490
-0.633915 1.967410 -0.111179
-0.728431 2.429910 1.087430
-1.920800 5.568550 1.545930
-0.118186 1.614200 -0.069155
-0.160820 3.052690 1.243060
-1.565140 5.221020 1.449450
-1.322300 5.481410 1.441540
-0.333108 1.058500 0.026851
-0.417954 1.842420 -0.053777
-0.027350 1.078160 0.056799
-0.302047 2.123950 -0.251386
-0.075616 0.355747 -0.140805
-2.361310 10.748200 0.345992
-0.561111 2.075970 -0.202750
-0.409368 2.621650 1.194760
-1.146150 4.897450 1.504610
-2.748830 7.629950 1.513370
-0.047979 0.250847 -0.087600
0.315993 1.121600 0.105220
-0.022784 1.228500 0.056323
-0.506802 1.153500 0.013527
0.964322 2.436380 -0.322107
0.569843 1.921830 -0.148088
-0.644229 1.867670 -0.131112
0.369659 3.784960 1.392830
-0.375688 1.139310 0.028901
-2.025420 12.971100 -0.555697
0.027972 1.799330 -0.040243
0.172492 0.852582 0.015812
0.310411 1.589980 -0.003035
0.303515 3.107700 1.240830
-0.056271 0.523027 -0.219491
0.059329 1.647420 -0.070578
-0.677665 1.731420 -0.050537
0.799949 2.021090 -0.267202
-4.514910 11.771300 2.586080
-0.642828 1.548340 -0.108695
0.002486 0.058023 -0.015073
0.000000 0.000000 0.000000
-4.104920 14.040600 2.884510
-0.121126 0.404053 -0.156747
-1.467240 4.449550 1.400270
1.072710 3.211810 1.307850
-0.038923 0.361783 -0.140349
-0.223728 2.794030 1.227580
-0.200680 1.992950 -0.167243
-0.047582 2.565580 -0.268238
-0.078811 0.984224 0.072061
-1.325890 4.905460 1.434170
-0.176483 2.410440 -0.252019
-0.130904 5.160370 1.585380
-0.464923 5.347690 1.523960
-0.414098 1.532060 -0.097060
-0.092306 0.983946 0.058565
-0.011570 0.144489 -0.038589
-0.114315 1.314880 -0.020441
-0.186322 2.143130 -0.194569
-0.437437 2.681350 1.199950
-0.141188 1.763220 -0.063499
3.379510 9.893630 2.458160
-1.903820 6.680630 1.515500
-2.580870 10.698700 -0.312273
-0.512493 2.411090 -0.352277
2.363680 6.919740 1.372500
0.061181 0.462768 -0.205433
-0.089805 1.226570 -0.019068
0.057928 6.637940 1.649260
-0.299587 2.008330 -0.196144
0.057448 1.016580 0.060507
-2.610320 6.669310 1.512930
0.281594 1.685560 -0.060702
0.899701 1.954410 -0.190878
-2.159410 6.124520 1.477430
0.498483 1.122910 0.059156
-1.985500 12.715400 -0.110966
0.695888 1.627060 -0.036390
-1.676250 5.591680 1.511370
-2.483000 14.014700 -0.696162
-0.297528 1.131340 0.020982
-4.099510 14.022100 2.980490
-1.426450 5.277520 1.503960
0.775748 2.040830 -0.171261
0.298221 1.713140 -0.061695
0.797750 1.830600 -0.229332
-0.831186 4.045860 1.364780
-5.277460 13.759500 2.631760
-3.396320 8.025550 1.705880
0.001476 0.772960 0.104551
-0.020784 0.283865 -0.094808
-0.147184 0.479079 -0.201048
-0.476447 1.294730 0.032844
-0.605246 4.474660 1.441770
-5.907620 13.446000 2.571800
-1.472740 3.480100 1.280640
0.183665 0.940766 -0.053163
0.374216 3.831610 1.350970
0.639454 1.553360 -0.024148
-0.694502 1.774440 0.808659
-1.592380 7.248220 1.592380
-1.252640 5.041650 1.473980
0.647151 1.485020 0.017415
-2.067390 12.672400 -0.024191
-0.619876 2.175190 -0.287576
-0.588202 1.444500 -0.032307
0.654982 1.448730 0.016989
-0.711824 4.017730 1.324850
0.018899 0.142950 -0.041328
0.088246 2.450390 1.056730
0.879111 2.221090 -0.232221
-0.531070 1.964830 -0.137932
0.000000 0.000000 0.000000
0.518813 1.749730 -0.134826
-1.646540 11.037800 -0.021071
0.575792 2.098440 0.939092
-0.568485 1.612340 -0.036061
0.474285 2.429370 -0.270754
0.456529 1.709380 -0.049893
-0.922009 2.309200 1.052370
0.648462 1.545220 -0.119068
0.176688 3.126630 1.298090
-0.581992 1.349550 -0.030184
-1.552960 4.502140 1.349640
-1.348660 5.762760 1.557610
-3.103550 8.433780 1.553600
0.259623 0.727475 0.108519
0.423462 5.495540 1.566090
-0.439511 2.215890 -0.308342
-5.523960 13.565700 2.786940
-0.449573 1.863650 -0.105316
0.064122 1.012140 0.108893
0.773412 2.034680 -0.240821
0.337994 1.796300 -0.089229
0.686997 3.793230 1.425310
-0.089254 0.547102 -0.229594
-0.014070 1.199830 0.014070
0.435410 2.314030 1.054560
-2.432360 6.214640 1.499170
-1.830270 12.870200 -0.727301
-0.691191 2.003810 -0.209504
-0.067794 1.737550 -0.062574
0.177362 0.942609 -0.040383
1.795770 4.279160 1.443470
-2.603070 6.650800 1.461130
0.707589 1.686120 -0.072236
-2.274340 5.929700 1.430440
0.506508 3.031850 1.356810
-1.347750 7.046350 1.598470
-0.970754 4.279270 1.346680
-0.878738 2.000040 -0.154114
-1.520930 6.923000 1.570480
-1.631980 5.312060 1.397000
-0.819604 2.952270 1.225700
-1.292320 7.015460 1.641830
-1.545710 4.113640 1.325450
-0.888358 2.414080 1.080340
0.702676 2.311870 -0.257658
-0.613401 1.903740 -0.199041
0.582569 3.487140 1.337500
-0.422209 2.128650 0.952611
-0.403168 0.934883 0.062044
3.784800 9.018830 2.437690
-0.241974 2.403040 -0.267819
-1.071940 4.580350 1.441430
-3.334310 21.353399 2.444710
-2.159350 6.401370 1.544220
0.888508 2.158350 -0.166313
0.225094 2.304750 0.993922
-0.907849 4.001970 1.349970
-0.207572 0.509752 -0.238887
0.685270 3.783700 1.451240
-0.906310 2.362940 -0.312399
-1.290890 7.007680 1.539540
-0.932667 4.539830 1.462770
0.473046 2.184460 -0.258548
-0.240617 1.540950 -0.034464
-0.646520 1.960630 -0.151078
-1.992200 6.330490 1.527120
-1.074110 4.589610 1.410030
0.675804 2.070300 -0.230735
-0.007653 1.558970 -0.056143
0.048668 2.175990 -0.242514
-0.251561 1.108930 0.081192
-0.467741 2.061890 -0.258307
0.446570 1.337080 -0.029905
-0.258996 0.984827 0.058617
0.620652 1.398110 -0.031270
0.300994 3.081890 1.304220
0.032913 0.768264 0.130718
-0.809501 3.684690 1.299170
-1.097440 5.163060 1.509480
-0.646711 1.834200 -0.141335
0.808948 2.172660 -0.317440
0.258896 3.085130 1.305590
0.182713 0.971046 -0.061519
-2.506320 6.810840 1.496290
-4.865010 11.718100 2.490750
-0.457642 2.583060 1.113940
0.134445 6.011200 1.668820
0.263052 1.718420 -0.073619
0.255078 1.140270 0.060071
0.098189 2.291910 -0.271266
0.281637 1.442590 -0.022426
-0.214080 3.225780 1.287980
-0.552136 2.288810 -0.270899
-1.638370 7.974870 1.809100
-5.838700 13.539000 2.589590
0.549736 2.381170 -0.281830
0.220138 1.665100 -0.037241
-0.106149 0.827193 0.100422
0.884707 1.956850 -0.231608
0.086038 0.515004 -0.228622
3.602510 9.881030 2.455030
0.075868 1.197550 -0.010451
-0.051635 0.280303 -0.093618
0.177308 0.942322 -0.046808
0.435078 5.184590 1.554220
0.169714 0.974929 -0.028456
1.332950 5.131050 1.538170
-0.575486 2.250540 -0.281940
-1.428600 4.650060 1.428600
-0.376711 1.969540 -0.138263
0.453389 1.491690 -0.053720
-0.286369 1.919720 -0.187491
-1.656870 6.129990 1.434600
-2.768160 13.956300 -0.788677
0.186153 2.050440 -0.214379
0.738707 1.866360 -0.105469
-0.139297 0.853849 0.091862
0.039396 0.139833 -0.037346
-0.270174 2.105400 -0.176679
0.132771 0.613119 -0.287328
-2.243600 6.363300 1.581020
-1.214250 5.910430 1.468500
-0.208491 1.131810 0.434105
-0.854149 3.247880 1.296800
-0.641653 1.743670 -0.086614
0.398300 2.384140 -0.249269
-0.629476 2.000250 -0.113035
0.907027 3.810070 1.431640
-0.732628 3.037020 1.236680
0.118005 0.261010 -0.089157
-1.240860 4.354250 1.402980
0.000000 0.000000 0.000000
-0.863101 3.473810 1.305290
-0.443187 1.179470 0.005790
0.032299 1.106570 0.081019
0.854740 5.850090 1.581210
-0.268203 1.261800 0.006194
-2.624610 7.959380 1.691820
-0.114096 1.133090 0.051949
0.236484 0.797557 -0.116529
0.544941 1.934240 -0.043261
0.017863 0.416950 -0.168326
1.820240 4.788660 1.506990
-0.170194 0.665573 -0.300911
-0.106370 1.787110 -0.186848
0.548043 1.331300 -0.029776
-0.500520 1.253570 0.023249
-0.009069 0.281723 -0.102713
-0.778105 1.874170 -0.208877
-0.007656 1.559710 0.028927
-0.008830 1.798810 -0.064781
-0.697989 1.783350 -0.137417
0.756826 2.997130 1.316820
0.335182 2.006330 -0.154599
-0.100800 0.645539 -0.302521
0.232108 2.765910 1.215230
0.411747 1.966100 -0.070805
-0.640848 1.486020 -0.073816
-0.119229 3.055820 1.317820
-0.496800 2.122810 -0.207325
-0.556641 1.953290 -0.190769
0.030715 1.975800 -0.125172
-0.138230 1.726290 -0.168599
-0.200241 2.134480 0.937806
-0.430893 1.685090 -0.049184
-0.376995 1.357960 0.043714
-1.044970 4.205810 1.418730
1.556710 3.381600 1.350190
-1.093510 5.144560 1.466070
-0.223078 1.085850 0.057204
2.334580 6.989990 1.686220
0.700134 1.493990 0.017520
-0.069894 5.960110 1.742500
-2.059260 6.543600 1.625820
-2.205910 4.929210 1.404710
-0.110719 0.378707 -0.143952
-0.410820 1.028910 0.068284
-0.100207 3.950260 1.423160
-0.922998 6.823830 1.646130
0.170820 0.943175 -0.053299
-0.516428 1.530940 -0.117968
0.087569 1.136440 0.021077
0.437632 1.895590 -0.133072
-0.723450 1.677570 -0.106278
0.116274 0.460461 -0.185892
-1.948810 6.048290 1.546610
-0.081447 1.227250 -0.010710
-1.129040 6.635660 1.648690
-0.410446 2.145910 -0.150645
-0.267609 1.077070 0.019976
0.409374 1.254100 -0.045164
-1.341170 3.496730 1.286760
0.184418 0.911530 -0.001740
-0.559925 2.016890 -0.169252
-0.745211 1.635220 -0.103595
-1.709620 5.702970 1.416950
0.016878 0.468655 -0.200443
4.550180 10.638800 2.413410
-2.458100 11.564400 1.164480
-2.239310 6.949880 1.576580
-0.626128 2.088650 -0.203989
-1.951730 12.499100 0.487679
0.467969 3.539660 1.413300
0.002974 1.558080 -0.077395
-0.008683 1.768830 -0.063701
0.101984 2.380500 1.065320
-0.395823 0.935336 0.094183
-1.754130 4.868950 1.316020
0.376566 4.487350 1.479700
-0.224969 0.991707 0.079410
-0.599676 5.237880 1.531350
0.199496 1.365410 0.016012
-0.551333 1.231980 -0.027554
-0.797595 6.569940 1.727810
-0.758616 1.827230 -0.078281
0.586966 4.017370 1.385740
0.002107 0.058517 -0.013090
-1.860500 10.934600 0.426637
-1.616160 5.527950 1.453770
0.113307 1.614040 -0.080175
-0.075015 0.301920 -0.110077
0.100406 0.463660 -0.187184
-1.291410 3.743890 1.206310
-1.522170 5.952720 1.522170
0.707745 3.761380 1.413340
-1.999420 10.853900 0.275335
0.456435 1.709030 -0.061547
-1.282150 5.836110 1.577440
-0.269853 1.654110 -0.116120
0.543828 1.930280 -0.135507
-0.911750 3.779550 1.332610
-1.449710 5.221950 1.449710
-1.441970 5.483060 1.441970
0.147992 1.119390 -0.487814
0.000000 0.000000 0.000000
0.342899 1.969800 -0.205948
0.944653 2.591010 1.180790
0.548201 2.110240 -0.206097
0.786972 2.303890 -0.352673
-0.461389 2.100150 -0.205112
-0.274067 5.977860 1.659560
-0.080487 0.595050 -0.273929
-0.139652 3.046040 1.338310
-2.787530 6.228860 1.368440
0.208151 1.149300 0.068407
-0.237589 2.967130 1.279570
0.600061 2.129880 -0.178734
-5.655150 13.621200 2.895280
-0.492000 2.239490 -0.280556
-1.321270 6.661460 1.655100
0.037458 4.292220 1.447880
-1.687120 6.241920 1.596120
-2.045610 12.539000 -0.622856
0.056470 1.318110 0.042431
-0.077994 1.998980 -0.195231
-1.692490 7.015990 1.541360
-1.389510 3.480070 1.280630
-0.744414 5.503550 1.527880
-0.012462 2.538770 1.156980
0.359683 1.424390 -0.051297
0.428424 2.045730 0.833026
0.255697 1.042480 0.119352
3.607850 9.895700 2.387170
-0.202433 0.748951 0.080577
-0.072228 0.830789 0.100858
0.395444 2.841840 1.225540
-1.268760 4.031660 1.359990
0.006379 0.028517 -0.006789
0.291733 1.225460 -0.027408
-0.771876 3.199720 1.302930
0.004827 0.028895 -0.006464
3.926440 9.010030 2.369510
-1.763990 4.896310 1.323420
-1.330730 4.923350 1.366810
-0.070078 0.274054 -0.099917
0.116006 3.221240 1.311700
-0.556843 1.769450 -0.136346
-0.475249 1.858550 -0.079623
-0.151295 2.871900 1.285230
-5.056560 13.741000 3.117150
-0.133875 0.755626 -0.341625
-0.211798 0.743216 0.105693
-1.626330 6.016990 1.538610
1.404250 4.984300 1.531290
-0.641297 3.233230 1.290950
0.165478 2.357210 1.035660
0.035848 1.228190 0.056309
-1.715710 12.064700 -0.764330
0.067304 0.460648 -0.208263
-0.281841 1.134350 0.052007
0.014631 1.676580 -0.106216
-1.031130 5.019100 1.393390
-0.912057 5.147900 1.467030
-1.080570 3.604580 1.326450
-0.268206 1.261810 -0.002409
-0.292538 2.162770 -0.181494
0.003228 0.028967 -0.007105
0.700675 3.034960 1.260030
-0.562759 1.924870 -0.135128
-1.959680 4.460300 1.403650
-0.677162 2.258890 -0.236173
0.397532 1.163790 0.021584
-2.569350 7.791810 1.656200
-0.848689 5.967860 1.613050
1.207420 4.176350 1.472520
0.505132 2.059440 -0.201136
-2.656030 6.652120 1.509040
0.133171 2.356560 -0.213946
-2.605580 11.485900 0.998575
-0.748480 1.951450 -0.204029
-0.463818 2.338430 -0.276772
-0.824887 5.529760 1.616690
-0.278096 0.755715 -0.329330
-5.813640 13.480900 2.769530
0.243801 2.187540 -0.289209
-0.170573 2.130190 0.953300
-0.624973 1.396530 -0.002666
-0.422954 3.931300 1.416320
0.003661 0.029224 -0.005705
0.774796 5.860460 1.584020
-0.806581 2.238830 -0.311535
0.348669 2.002940 -0.168082
-0.548269 3.360720 1.341850
-1.201850 4.570020 1.369990
-0.673628 1.505250 -0.054209
0.442641 2.891610 1.247010
0.380487 2.377120 -0.330778
0.092560 5.954120 1.652970
0.561598 1.894020 -0.132962
0.349651 1.790980 -0.138005
-2.242410 6.959510 1.528950
0.808830 2.421730 -0.370712
-0.606230 5.295130 1.548090
-3.553040 8.238920 1.634150
0.071331 1.016090 0.053529
0.771915 5.838670 1.663880
-0.099361 0.483647 -0.218661
-2.454840 11.549100 1.562140
-0.105784 3.286160 1.312080
0.325859 1.555980 0.028858
3.220640 10.099200 2.218720
0.225368 1.113940 0.089197
0.456978 2.182080 -0.303638
0.242013 2.883940 1.243700
-0.804637 1.798000 -0.200387
-1.392150 3.168590 1.190600
-1.691290 4.153430 1.338270
-1.000660 2.457410 1.119910
-1.911190 4.516180 1.287000
-0.766050 2.081710 -0.377021
-1.726520 6.565070 1.536420
-0.083758 1.826900 -0.065792
-1.454860 5.240490 1.493410
0.166423 0.884469 0.004342
0.249504 0.764347 0.098085
0.288621 0.973392 0.098015
0.404663 1.752790 -0.063123
0.106321 1.881430 -0.144975
0.215987 5.997480 1.709140
-0.086837 4.682190 1.508640
0.996844 3.732480 1.402480
-1.968880 6.408660 1.499820
-0.527074 2.061220 -0.102388
0.495129 2.447300 -0.340543
-1.854550 12.432300 0.061027
-0.637228 1.423910 -0.002718
-0.734403 3.574760 1.287870
-0.423440 1.927420 -0.161744
0.084146 2.882890 1.266630
3.496940 9.392020 2.333530
0.460037 5.482020 1.602730
-0.132637 1.998590 -0.167717
0.001371 0.718325 0.303986
-0.693577 4.251410 1.401910
-0.855862 2.101810 -0.219750
-1.270230 6.404150 1.591170
0.418889 0.926522 0.080551
-2.741150 6.238960 1.415310
0.475121 1.390930 -0.021623
-0.025057 5.104480 1.568210
0.202453 1.936370 -0.109425
0.182727 1.870950 -0.195613
-0.146340 1.998740 -0.154014
3.124380 10.033100 2.492830
0.679042 1.501940 -0.074607
0.229134 2.346110 -0.245292
0.074380 1.497380 0.048202
-1.708740 5.844610 1.494530
-0.110984 0.379612 -0.141341
-3.175890 7.954130 1.690700
0.425679 5.524310 1.574290
-0.662595 1.508090 -0.095542
-0.899731 2.209550 -0.261517
-2.471030 5.624170 1.397380
-0.502275 4.668570 1.469200
0.485415 2.039040 -0.129179
0.108323 1.405780 -0.012268
-0.140462 0.825531 0.066103
0.005311 0.058495 -0.012250
-1.621450 11.401800 -0.878573
0.142770 1.701320 -0.096142
-3.561860 13.543900 -0.395319
-0.132070 0.374576 -0.136566
-0.424566 7.133110 1.720740
-0.602479 1.869840 -0.247207
0.263130 2.516720 -0.315286
-2.138300 6.960110 1.529090
-0.133167 0.403842 -0.147236
-1.828150 5.809210 1.612740
-0.386426 1.356000 0.006656
-0.729802 5.687150 1.662700
2.416420 6.919580 1.971910
1.091200 3.680150 1.382820
0.001367 0.716236 0.308877
-1.208390 6.317730 1.478540
-1.070940 3.037400 1.236840
0.436390 2.015190 -0.182953
0.038906 1.739540 0.008539
0.804953 2.207840 -0.307223
0.401523 3.602720 1.438480
-0.829121 3.337050 1.253900
-0.269084 2.672270 1.195890
0.032078 0.170482 -0.048031
-1.023110 3.590180 1.321150
-0.747492 3.402440 1.305010
-0.824033 1.947200 -0.257435
-0.355397 1.518600 -0.033965
0.004225 2.213430 -0.170557
-0.391197 2.750840 1.208610
0.086719 5.578370 1.548660
-0.274608 5.212640 1.601440
0.000000 0.000000 0.000000
0.343733 2.470220 -0.360917
-0.543416 2.949970 1.224740
-2.194900 5.607940 1.515760
0.673271 2.453700 -0.427137
-0.315912 3.367480 1.318010
-2.489220 6.359910 1.488410
2.710830 11.052200 2.586540
-0.755477 1.657740 -0.173322
-2.935090 10.572400 0.412503
0.149825 2.134230 -0.296980
-0.305261 1.345650 -0.020919
-0.973761 6.236110 1.594640
-0.033559 0.333276 -0.131911
-0.048548 0.517497 -0.233965
-0.736282 5.737650 1.592880
-0.120232 0.348561 -0.127081
-0.842127 4.245760 1.336140
-0.704852 1.999100 -0.209011
0.462656 2.890480 1.317270
-1.880820 12.045100 -0.680672
-0.137240 0.586420 -0.269956
-0.018471 0.573810 -0.259424
0.141515 1.129620 0.059510
0.401952 2.406000 -0.318091
0.085043 0.435604 -0.182803
-1.459810 4.530650 1.358180
0.091479 2.540180 -0.442190
-0.924928 4.502160 1.484590
-2.110280 4.986630 1.347830
-0.293737 0.656369 -0.302156
2.013450 6.964360 1.381350
0.834020 5.993650 1.752310
0.242320 2.047350 -0.185873
0.064170 1.497850 0.048217
-5.174650 13.771500 2.927220
0.186947 1.788060 -0.088819
0.502148 1.538310 -0.076414
0.006051 0.057877 -0.014615
-0.309900 1.620230 -0.036238
-2.051250 6.842590 1.454440
-0.733196 1.836320 -0.103771
0.007023 0.804713 0.092130
-3.142670 11.949900 0.303137
-1.448550 3.489030 1.283930
0.787418 1.876340 -0.144583
0.346135 1.911170 -0.173510
0.199950 1.512400 -0.116538
-1.157410 5.445190 1.591960
-0.610438 3.445480 1.348530
-0.332109 2.335350 1.045110
0.677827 1.859160 -0.066954
0.173561 3.071300 1.275120
-1.817930 3.989080 1.255360
0.399398 3.820060 1.376250
-2.247790 5.629660 1.480520
0.200965 1.697940 -0.026396
-0.943576 4.159460 1.434760
0.934008 4.616570 1.522320
-0.059736 0.441637 -0.178293
0.048080 0.166303 -0.049311
-1.637180 7.969100 1.693880
-0.512388 2.189410 0.997771
0.809278 5.056020 1.515680
-2.091900 6.064570 1.550770
-0.053668 0.280590 -0.091592
-0.171165 0.633269 -0.296771
0.309933 3.173420 1.317520
0.159352 0.915406 -0.039217
-0.266116 2.192040 -0.229184
0.247206 1.141570 0.067947
0.278908 1.104510 0.043095
-0.294498 3.677830 1.353410
-0.557969 2.459640 1.120920
0.596437 1.343560 -0.002565
0.046407 1.288620 -0.037612
-0.421867 1.984730 0.824004
-0.088009 0.354220 -0.137415
2.174960 6.984320 1.785960
-0.145672 1.552800 -0.034729
0.031828 0.169152 -0.052675
-1.208790 3.217000 1.259110
0.321372 1.707960 -0.084840
-0.417809 2.675710 1.219390
-0.203761 1.150080 0.068453
0.580635 2.974120 1.306710
0.756772 5.179570 1.552710
-1.987210 6.026410 1.453770
-0.006037 1.229900 0.014423
-0.803337 5.648950 1.651540
-0.887552 6.916450 1.668480
0.152893 1.220450 0.005991
-2.354180 12.779800 -0.809634
-0.727444 3.948970 1.422690
0.733915 1.930780 -0.135542
-0.901544 3.974180 1.340600
1.511890 3.226170 1.262700
0.570916 1.386860 0.025721
0.134568 6.016690 1.759050
-0.825454 4.017960 1.355370
-0.468460 2.065060 -0.230151
-0.935086 5.731790 1.507380
-0.286181 0.978862 0.018154
-0.860775 4.339780 1.431040
-2.864260 13.942000 -0.692548
-4.949040 13.737100 3.017940
0.354485 1.364550 -0.021213
0.456444 1.009590 0.067001
2.202370 7.072350 1.655140
-0.610781 2.388570 -0.348987
0.412975 2.041230 -0.269866
-1.894280 12.698600 0.148916
0.933163 3.804530 1.429560
-0.063808 0.471739 -0.183005
-1.598680 7.276870 1.598680
-0.839061 3.698740 1.332540
-0.545174 2.017010 -0.210884
-1.571190 11.048400 -0.096418
-1.854350 6.035870 1.456050
-0.224661 3.068470 1.273940
-0.079028 0.734552 -0.332097
-0.414056 1.347740 0.015805
-1.169160 3.111520 1.217830
0.406396 0.932559 0.074674
-3.849820 15.055400 0.073904
0.072127 0.518338 -0.225884
-0.098645 0.768716 0.088009
-1.433750 5.943450 1.519800
-3.224530 11.929900 0.221255
-1.457800 3.961520 1.276430
-0.044084 1.737850 -0.074452
0.017235 0.085186 -0.023374
-0.129971 2.834890 1.222550
-0.182983 1.121630 0.089813
0.579129 1.859720 -0.092379
-1.644890 4.665240 1.468150
-0.373035 1.697990 -0.072744
-0.458769 1.457800 -0.072414
0.160850 0.854854 0.015854
0.002290 1.199610 0.030431
-1.359380 3.855480 1.300560
0.664335 1.861490 -0.117931
-0.407269 1.688280 -0.106957
-0.681278 4.004050 1.381150
0.430491 0.987849 0.072327
-1.723570 5.476860 1.400490
0.738822 3.103500 1.313360
-0.104132 0.459034 -0.196327
-0.624995 3.831030 1.439510
-2.484160 6.611200 1.547220
-1.308190 3.554950 1.253420
-1.357370 3.688600 1.300540
-0.289378 2.689730 1.225780
-0.214955 2.684460 1.179440
0.718947 1.649770 -0.036898
-0.685590 2.032420 -0.254615
-0.426301 1.715780 -0.085229
-0.451196 1.176360 0.013795
-0.199912 2.496600 -0.278246
-0.015505 3.158550 1.387740
-0.487688 1.907190 -0.212557
0.609019 2.161680 -0.136948
-2.855510 6.499240 1.521020
-0.037245 3.175990 1.268100
-0.959194 5.413950 1.503010
-0.150831 2.863090 1.304790
1.344500 5.324420 1.635780
0.531613 1.591710 -0.079066
-0.485264 1.291450 0.032761
-0.008092 1.648470 -0.070622
-0.839307 2.280780 -0.381033
-0.217256 1.022110 0.102921
0.007641 0.057798 -0.014177
-0.502743 1.284500 0.041349
-0.296269 4.464220 1.472080
-0.422987 2.387460 -0.415605
-0.404414 2.114370 -0.177433
0.140453 1.673700 -0.037434
0.001446 0.029103 -0.007138
-0.548538 1.555760 -0.034796
0.133631 1.903560 -0.212152
-1.470770 6.284530 1.516040
-1.754520 12.971400 -0.733019
2.199100 7.061870 1.703550
-0.665379 4.678860 1.472430
4.994310 10.657200 2.341300
-10.603600 23.694201 2.712710
-2.202840 5.986140 1.444050
0.078815 0.403702 -0.182517
-1.349880 3.828520 1.291460
-0.817747 2.370710 -0.247864
-1.263050 3.744310 1.234690
-0.474335 3.907180 1.377610
-0.557719 1.772230 -0.088033
-1.785110 5.810470 1.655840
-0.129601 1.009950 0.060112
-0.774355 5.724900 1.505570
-0.721842 4.074280 1.436530
-0.238321 1.050560 0.076918
0.593249 2.418690 1.043060
-0.134769 0.449565 -0.199572
0.263257 1.719760 -0.026735
3.021630 7.484660 -1.198010
-0.742695 6.903250 1.665290
0.417860 1.409260 0.016526
-2.163550 12.715700 -0.197674
-1.322450 5.322620 1.438650
-0.078909 1.497870 -0.013072
0.214669 1.813730 -0.114905
-3.697940 8.263210 1.522170
0.119746 0.460950 -0.182445
-1.003220 5.446060 1.472010
0.364265 2.379610 -0.331125
0.162736 2.318150 -0.274372
-1.276830 3.262280 1.251250
-0.350503 4.787250 1.435100
-0.752640 3.934980 1.357320
-0.471394 4.681420 1.438240
0.365534 1.173820 0.037786
0.019188 2.198730 -0.305955
0.005623 0.028801 -0.006237
-0.212775 0.746642 0.075183
0.472082 1.767620 -0.039534
0.302194 2.068300 -0.202002
0.683178 3.376780 1.321640
-2.743420 6.607910 1.546450
-1.716650 4.134790 1.363450
-2.107560 5.494860 1.445070
0.511339 2.441650 -0.356743
-0.102811 0.351657 -0.133670
-1.980030 4.862530 1.385700
-0.506844 2.307060 -0.193603
-1.416730 6.245210 1.596960
0.141013 1.553230 -0.034739
0.366716 6.489330 1.706610
-0.360874 1.174640 0.053854
0.544792 2.692770 1.205060
-0.546460 1.396200 0.044944
-0.366697 1.669140 -0.060111
-0.108030 2.356330 -0.230131
-1.037900 3.642060 1.256280
0.491511 1.700090 0.031530
0.176576 1.153510 0.084455
-0.144872 0.638626 -0.299281
0.605323 1.338890 0.043100
-1.751300 6.145440 1.526890
-1.257180 4.300080 1.353230
-1.278770 4.265740 1.438950
-0.498636 1.896050 -0.277027
-1.268540 5.968030 1.569510
-1.898550 6.032890 1.542670
-0.003313 0.282529 -0.100830
-0.062303 0.417656 -0.155506
-0.342219 1.789200 -0.174743
-1.565400 5.952410 1.478930
-0.110474 0.320273 -0.121740
0.033169 0.774237 0.088641
-0.227326 1.146110 0.060379
-4.962220 13.773700 3.124560
-1.751530 4.759710 1.356400
-2.368460 11.142800 -0.935071
1.186280 3.324010 1.353540
-0.662940 1.728430 -0.180712
-0.321505 6.102830 1.649530
-0.644935 1.869710 -0.092875
0.090321 1.286610 0.023862
0.348299 1.304140 -0.020274
-0.015126 1.289820 0.015126
0.017617 0.115087 -0.029061
0.334095 2.822750 1.286400
-0.069923 2.756450 1.256190
-0.301219 1.004810 0.046067
-0.430957 4.005690 1.474050
0.685578 2.149820 0.979728
-2.408690 5.482280 1.401880
-1.894410 12.699500 -0.024243
0.373314 1.912180 -0.081920
-0.628151 2.095400 -0.104086
0.000000 0.000000 0.000000
-1.636630 4.355620 1.403420
-0.660178 1.957090 -0.137389
-0.281651 0.765377 -0.302938
-1.289860 3.432740 1.236710
0.397050 2.376660 -0.314212
0.241846 2.313150 -0.257800
-1.034640 5.409370 1.581490
-0.424991 2.307090 -0.337082
0.278135 1.133970 0.075256
-1.258170 5.376120 1.532060
-0.159232 4.081100 1.407720
-0.111072 1.673650 -0.094579
-0.111894 0.403051 -0.165920
-1.623640 6.007040 1.579770
-0.998399 3.596300 1.323400
-0.190090 5.905150 1.596100
0.785760 1.872390 -0.195764
0.298217 1.948140 -0.190266
0.212046 0.569509 -0.257480
0.006041 0.057777 -0.015010
-0.353486 1.240410 0.023005
0.175426 6.010220 1.668550
-1.387690 5.276670 1.542700
-0.467596 2.538370 1.135970
-0.869646 2.094660 -0.233450
-4.987880 13.844900 2.746070
-0.132392 0.452837 -0.193677
0.801423 2.772060 1.263300
-0.548452 1.555520 -0.045403
-0.443353 1.733810 -0.193233
-1.049010 4.624260 1.420670
0.674362 3.454200 1.379180
3.723040 9.043960 2.312630
-0.172644 0.812225 0.126828
-2.099910 14.077100 -0.699259
0.093777 3.212840 1.333880
-1.114340 5.424120 1.585800
0.002290 1.199380 0.038609
0.027357 0.389694 -0.154241
0.306012 4.359100 1.404540
-0.686102 2.033940 -0.240733
-0.601133 1.599820 -0.057614
-0.633636 3.724040 1.284560
-1.860880 5.516550 1.450780
0.066824 0.159235 -0.050780
-1.421460 5.259030 1.460000
-0.799503 2.127750 -0.178555
-0.303549 1.713310 -0.003271
-1.207590 3.500890 1.315460
0.023850 0.171394 -0.049551
-0.477784 2.247800 -0.235014
-1.190690 5.419810 1.544510
0.362380 1.730370 -0.085954
0.154132 4.279910 1.476300
0.480792 2.877920 1.264440
-3.322150 11.966600 0.140332
-5.709540 13.491700 2.771750
0.115247 0.590314 -0.271748
-0.160887 3.053960 1.391770
-1.342120 5.248590 1.457100
0.446079 2.463010 -0.291517
3.461090 9.295730 2.377010
-0.556096 1.392760 -0.031150
-0.739848 5.202510 1.482590
-0.147570 0.480337 -0.197735
-2.241490 5.008720 1.427360
0.053466 2.390520 -0.432950
-0.120513 0.458248 -0.188642
0.164801 1.127950 0.013227
-0.585302 3.439970 1.373500
-1.204050 3.919150 1.262780
0.133892 1.131250 0.044138
-2.196400 12.908800 -0.641226
-2.319650 5.809650 1.443460
-0.603673 2.429670 -0.287570
-0.420401 2.046340 -0.213950
0.013984 0.143185 -0.042456
0.073983 2.054340 -0.243147
0.768306 2.957510 1.323540
-0.962917 5.227250 1.489640
-0.435266 1.527380 -0.075870
-1.473610 7.999580 1.700360
-0.273980 2.135050 -0.179168
0.431382 2.132210 -0.252364
5.048780 12.755800 2.530060
-0.227149 1.145220 0.076003
-0.582479 1.943040 -0.216552
-0.429998 2.093050 0.953858
-0.253032 1.779290 -0.100548
-0.014282 0.443665 -0.182639
0.927796 1.979790 -0.125425
0.591602 1.855130 -0.104835
-2.543700 6.370790 1.490960
-1.002480 3.428910 1.235330
